fixIdx,time,lat,lng,alt,tickLead,tickRace,zoneIdx,legIdx,togo,area
1,,,,232.0,-3551.248177584855,-3551.248177584855,1,0,155.576,0.0
283,,,,1333.0,-2987.248177584855,-2987.248177584855,272,1,155.559,0.0
284,,,,1340.0,-2985.248177584855,-2985.248177584855,273,1,155.526,0.0
285,,,,1346.0,-2983.248177584855,-2983.248177584855,274,1,155.495,0.0
286,,,,1348.0,-2981.248177584855,-2981.248177584855,275,1,155.465,0.0
287,,,,1355.0,-2979.248177584855,-2979.248177584855,276,1,155.436,0.0
288,,,,1366.0,-2977.248177584855,-2977.248177584855,277,1,155.409,0.0
289,,,,1373.0,-2975.248177584855,-2975.248177584855,278,1,155.377,0.0
290,,,,1379.0,-2973.248177584855,-2973.248177584855,279,1,155.34,0.0
291,,,,1385.0,-2971.248177584855,-2971.248177584855,280,1,155.305,0.0
292,,,,1389.0,-2969.248177584855,-2969.248177584855,281,1,155.275,0.0
293,,,,1389.0,-2967.248177584855,-2967.248177584855,282,1,155.252,0.0
294,,,,1385.0,-2965.248177584855,-2965.248177584855,283,1,155.245,0.0
308,,,,1455.0,-2937.248177584855,-2937.248177584855,297,1,155.239,0.0
309,,,,1460.0,-2935.248177584855,-2935.248177584855,298,1,155.212,0.0
310,,,,1465.0,-2933.248177584855,-2933.248177584855,299,1,155.2,0.0
318,,,,1509.0,-2917.248177584855,-2917.248177584855,307,1,155.173,0.0
319,,,,1514.0,-2915.248177584855,-2915.248177584855,308,1,155.145,0.0
320,,,,1524.0,-2913.248177584855,-2913.248177584855,309,1,155.135,0.0
325,,,,1548.0,-2903.248177584855,-2903.248177584855,314,1,155.134,0.0
326,,,,1554.0,-2901.248177584855,-2901.248177584855,315,1,155.098,0.0
327,,,,1558.0,-2899.248177584855,-2899.248177584855,316,1,155.064,0.0
328,,,,1562.0,-2897.248177584855,-2897.248177584855,317,1,155.038,0.0
329,,,,1569.0,-2895.248177584855,-2895.248177584855,318,1,155.027,0.0
334,,,,1592.0,-2885.248177584855,-2885.248177584855,323,1,155.013,0.0
335,,,,1595.0,-2883.248177584855,-2883.248177584855,324,1,154.982,0.0
336,,,,1600.0,-2881.248177584855,-2881.248177584855,325,1,154.973,0.0
341,,,,1615.0,-2871.248177584855,-2871.248177584855,330,1,154.965,0.0
342,,,,1619.0,-2869.248177584855,-2869.248177584855,331,1,154.931,0.0
343,,,,1624.0,-2867.248177584855,-2867.248177584855,332,1,154.916,0.0
349,,,,1650.0,-2855.248177584855,-2855.248177584855,338,1,154.898,0.0
350,,,,1653.0,-2853.248177584855,-2853.248177584855,339,1,154.864,0.0
351,,,,1657.0,-2851.248177584855,-2851.248177584855,340,1,154.834,0.0
352,,,,1663.0,-2849.248177584855,-2849.248177584855,341,1,154.819,0.0
358,,,,1677.0,-2837.248177584855,-2837.248177584855,347,1,154.807,0.0
359,,,,1682.0,-2835.248177584855,-2835.248177584855,348,1,154.771,0.0
360,,,,1687.0,-2833.248177584855,-2833.248177584855,349,1,154.742,0.0
361,,,,1692.0,-2831.248177584855,-2831.248177584855,350,1,154.723,0.0
362,,,,1693.0,-2829.248177584855,-2829.248177584855,351,1,154.717,0.0
369,,,,1711.0,-2815.248177584855,-2815.248177584855,358,1,154.702,0.0
370,,,,1715.0,-2813.248177584855,-2813.248177584855,359,1,154.667,0.0
371,,,,1719.0,-2811.248177584855,-2811.248177584855,360,1,154.639,0.0
372,,,,1722.0,-2809.248177584855,-2809.248177584855,361,1,154.623,0.0
373,,,,1720.0,-2807.248177584855,-2807.248177584855,362,1,154.62,0.0
380,,,,1736.0,-2793.248177584855,-2793.248177584855,369,1,154.588,0.0
381,,,,1738.0,-2791.248177584855,-2791.248177584855,370,1,154.554,0.0
382,,,,1743.0,-2789.248177584855,-2789.248177584855,371,1,154.54,0.0
389,,,,1756.0,-2775.248177584855,-2775.248177584855,378,1,154.502,0.0
390,,,,1759.0,-2773.248177584855,-2773.248177584855,379,1,154.472,0.0
391,,,,1764.0,-2771.248177584855,-2771.248177584855,380,1,154.453,0.0
392,,,,1769.0,-2769.248177584855,-2769.248177584855,381,1,154.449,0.0
400,,,,1779.0,-2753.248177584855,-2753.248177584855,389,1,154.415,0.0
401,,,,1781.0,-2751.248177584855,-2751.248177584855,390,1,154.383,0.0
402,,,,1781.0,-2749.248177584855,-2749.248177584855,391,1,154.366,0.0
410,,,,1792.0,-2733.248177584855,-2733.248177584855,399,1,154.363,0.0
411,,,,1793.0,-2731.248177584855,-2731.248177584855,400,1,154.33,0.0
412,,,,1794.0,-2729.248177584855,-2729.248177584855,401,1,154.305,0.0
413,,,,1794.0,-2727.248177584855,-2727.248177584855,402,1,154.296,0.0
1064,,,,2204.0,-1425.248177584855,-1425.248177584855,1053,1,154.286,0.0
1072,,,,2215.0,-1409.248177584855,-1409.248177584855,1061,1,154.271,0.0
1073,,,,2216.0,-1407.248177584855,-1407.248177584855,1062,1,154.234,0.0
1074,,,,2216.0,-1405.248177584855,-1405.248177584855,1063,1,154.205,0.0
1075,,,,2216.0,-1403.248177584855,-1403.248177584855,1064,1,154.197,0.0
1083,,,,2231.0,-1387.248177584855,-1387.248177584855,1072,1,154.19,0.0
1084,,,,2234.0,-1385.248177584855,-1385.248177584855,1073,1,154.16,0.0
1085,,,,2235.0,-1383.248177584855,-1383.248177584855,1074,1,154.148,0.0
1094,,,,2225.0,-1365.248177584855,-1365.248177584855,1083,1,154.138,0.0
1095,,,,2220.0,-1363.248177584855,-1363.248177584855,1084,1,154.109,0.0
1096,,,,2216.0,-1361.248177584855,-1361.248177584855,1085,1,154.068,0.0
1097,,,,2211.0,-1359.248177584855,-1359.248177584855,1086,1,154.038,0.0
1098,,,,2207.0,-1357.248177584855,-1357.248177584855,1087,1,154.026,0.0
1099,,,,2211.0,-1355.248177584855,-1355.248177584855,1088,1,154.024,0.0
1652,,,,1505.0,-249.248177584855,-249.248177584855,1641,1,153.996,0.0
1653,,,,1503.0,-247.248177584855,-247.248177584855,1642,1,153.963,0.0
1654,,,,1501.0,-245.248177584855,-245.248177584855,1643,1,153.926,0.0
1655,,,,1499.0,-243.248177584855,-243.248177584855,1644,1,153.89,0.0
1656,,,,1495.0,-241.248177584855,-241.248177584855,1645,1,153.851,0.0
1657,,,,1492.0,-239.248177584855,-239.248177584855,1646,1,153.813,0.0
1658,,,,1491.0,-237.248177584855,-237.248177584855,1647,1,153.774,0.0
1659,,,,1493.0,-235.248177584855,-235.248177584855,1648,1,153.735,0.0
1660,,,,1494.0,-233.248177584855,-233.248177584855,1649,1,153.7,0.0
1661,,,,1495.0,-231.248177584855,-231.248177584855,1650,1,153.667,0.0
1662,,,,1495.0,-229.248177584855,-229.248177584855,1651,1,153.644,0.0
1663,,,,1493.0,-227.248177584855,-227.248177584855,1652,1,153.629,0.0
1664,,,,1489.0,-225.248177584855,-225.248177584855,1653,1,153.626,0.0
1728,,,,1562.0,-97.248177584855,-97.248177584855,1717,1,153.607,0.0
1729,,,,1570.0,-95.248177584855,-95.248177584855,1718,1,153.576,0.0
1730,,,,1577.0,-93.248177584855,-93.248177584855,1719,1,153.574,0.0
1733,,,,1594.0,-87.248177584855,-87.248177584855,1722,1,153.568,0.0
1734,,,,1600.0,-85.248177584855,-85.248177584855,1723,1,153.529,0.0
1735,,,,1607.0,-83.248177584855,-83.248177584855,1724,1,153.495,0.0
1736,,,,1611.0,-81.248177584855,-81.248177584855,1725,1,153.483,0.0
1741,,,,1636.0,-71.248177584855,-71.248177584855,1730,1,153.47,0.0
1742,,,,1644.0,-69.248177584855,-69.248177584855,1731,1,153.429,0.0
1743,,,,1650.0,-67.248177584855,-67.248177584855,1732,1,153.393,0.0
1744,,,,1654.0,-65.248177584855,-65.248177584855,1733,1,153.373,0.0
1745,,,,1656.0,-63.248177584855,-63.248177584855,1734,1,153.371,0.0
1753,,,,1689.0,-47.248177584855,-47.248177584855,1742,1,153.357,0.0
1754,,,,1691.0,-45.248177584855,-45.248177584855,1743,1,153.332,0.0
1755,,,,1695.0,-43.248177584855,-43.248177584855,1744,1,153.298,0.0
1756,,,,1700.0,-41.248177584855,-41.248177584855,1745,1,153.261,0.0
1757,,,,1701.0,-39.248177584855,-39.248177584855,1746,1,153.22,0.0
1758,,,,1706.0,-37.248177584855,-37.248177584855,1747,1,153.178,0.0
1759,,,,1714.0,-35.248177584855,-35.248177584855,1748,1,153.139,0.0
1760,,,,1720.0,-33.248177584855,-33.248177584855,1749,1,153.108,0.0
1761,,,,1722.0,-31.248177584855,-31.248177584855,1750,1,153.092,0.0
1772,,,,1744.0,-9.248177584855,-9.248177584855,1761,1,153.064,0.0
1773,,,,1744.0,-7.248177584855,-7.248177584855,1762,1,153.026,0.0
1774,,,,1746.0,-5.248177584855,-5.248177584855,1763,1,152.979,0.0
1775,,,,1750.0,-3.248177584855,-3.248177584855,1764,1,152.938,0.0
1776,,,,1751.0,-1.248177584855,-1.248177584855,1765,1,152.903,0.0
1777,,,,1752.0,0.751822415145,0.751822415145,1766,1,152.876,0.0
1778,,,,1755.0,2.751822415145,2.751822415145,1767,1,152.857,0.0
1779,,,,1757.0,4.751822415145,4.751822415145,1768,1,152.848,0.0
1780,,,,1760.0,6.751822415145,6.751822415145,1769,1,152.846,0.0
1805,,,,1792.0,56.751822415145,56.751822415145,1794,1,152.835,0.0
1806,,,,1792.0,58.751822415145,58.751822415145,1795,1,152.8,0.0
1807,,,,1792.0,60.751822415145,60.751822415145,1796,1,152.778,0.0
1808,,,,1793.0,62.751822415145,62.751822415145,1797,1,152.768,0.0
1809,,,,1794.0,64.751822415145,64.751822415145,1798,1,152.761,0.0
1810,,,,1795.0,66.751822415145,66.751822415145,1799,1,152.753,0.0
1811,,,,1793.0,68.751822415145,68.751822415145,1800,1,152.741,0.0
1812,,,,1792.0,70.751822415145,70.751822415145,1801,1,152.728,0.0
1813,,,,1793.0,72.751822415145,72.751822415145,1802,1,152.72,0.0
1814,,,,1793.0,74.751822415145,74.751822415145,1803,1,152.713,0.0
1815,,,,1790.0,76.751822415145,76.751822415145,1804,1,152.709,0.0
1816,,,,1788.0,78.751822415145,78.751822415145,1805,1,152.705,0.0
1817,,,,1790.0,80.751822415145,80.751822415145,1806,1,152.702,0.0
1818,,,,1789.0,82.751822415145,82.751822415145,1807,1,152.699,0.0
1819,,,,1787.0,84.751822415145,84.751822415145,1808,1,152.697,0.0
1907,,,,1997.0,260.751822415145,260.751822415145,1896,1,152.694,0.0
1908,,,,2000.0,262.751822415145,262.751822415145,1897,1,152.666,0.0
1909,,,,2004.0,264.751822415145,264.751822415145,1898,1,152.646,0.0
1915,,,,2018.0,276.751822415145,276.751822415145,1904,1,152.62,0.0
1916,,,,2022.0,278.751822415145,278.751822415145,1905,1,152.587,0.0
1917,,,,2024.0,280.751822415145,280.751822415145,1906,1,152.563,0.0
1918,,,,2026.0,282.751822415145,282.751822415145,1907,1,152.554,0.0
1997,,,,1824.0,440.751822415145,440.751822415145,1986,1,152.547,0.0
1998,,,,1826.0,442.751822415145,442.751822415145,1987,1,152.504,0.0
1999,,,,1830.0,444.751822415145,444.751822415145,1988,1,152.461,0.0
2000,,,,1840.0,446.751822415145,446.751822415145,1989,1,152.419,0.0
2001,,,,1848.0,448.751822415145,448.751822415145,1990,1,152.382,0.0
2002,,,,1854.0,450.751822415145,450.751822415145,1991,1,152.353,0.0
2003,,,,1858.0,452.751822415145,452.751822415145,1992,1,152.341,0.0
2008,,,,1874.0,462.751822415145,462.751822415145,1997,1,152.339,0.0
2009,,,,1879.0,464.751822415145,464.751822415145,1998,1,152.305,0.0
2010,,,,1882.0,466.751822415145,466.751822415145,1999,1,152.272,0.0
2011,,,,1886.0,468.751822415145,468.751822415145,2000,1,152.253,0.0
2017,,,,1899.0,480.751822415145,480.751822415145,2006,1,152.247,0.0
2018,,,,1904.0,482.751822415145,482.751822415145,2007,1,152.211,0.0
2019,,,,1907.0,484.751822415145,484.751822415145,2008,1,152.18,0.0
2020,,,,1909.0,486.751822415145,486.751822415145,2009,1,152.16,0.0
2021,,,,1912.0,488.751822415145,488.751822415145,2010,1,152.152,0.0
2029,,,,1922.0,504.751822415145,504.751822415145,2018,1,152.15,0.0
2030,,,,1925.0,506.751822415145,506.751822415145,2019,1,152.113,0.0
2031,,,,1927.0,508.751822415145,508.751822415145,2020,1,152.087,0.0
2032,,,,1927.0,510.751822415145,510.751822415145,2021,1,152.079,0.0
2046,,,,1945.0,538.751822415145,538.751822415145,2035,1,152.072,0.0
2047,,,,1944.0,540.751822415145,540.751822415145,2036,1,152.036,0.0
2048,,,,1945.0,542.751822415145,542.751822415145,2037,1,152.005,0.0
2049,,,,1945.0,544.751822415145,544.751822415145,2038,1,151.982,0.0
2050,,,,1943.0,546.751822415145,546.751822415145,2039,1,151.969,0.0
2060,,,,1948.0,566.751822415145,566.751822415145,2049,1,151.944,0.0
2061,,,,1944.0,568.751822415145,568.751822415145,2050,1,151.912,0.0
2062,,,,1943.0,570.751822415145,570.751822415145,2051,1,151.89,0.0
2063,,,,1942.0,572.751822415145,572.751822415145,2052,1,151.879,0.0
2064,,,,1941.0,574.751822415145,574.751822415145,2053,1,151.873,0.0
2075,,,,1936.0,596.751822415145,596.751822415145,2064,1,151.852,0.0
2076,,,,1939.0,598.751822415145,598.751822415145,2065,1,151.82,0.0
2077,,,,1939.0,600.751822415145,600.751822415145,2066,1,151.79,0.0
2078,,,,1940.0,602.751822415145,602.751822415145,2067,1,151.769,0.0
2079,,,,1938.0,604.751822415145,604.751822415145,2068,1,151.762,0.0
2094,,,,1925.0,634.751822415145,634.751822415145,2083,1,151.739,0.0
2095,,,,1922.0,636.751822415145,636.751822415145,2084,1,151.714,0.0
2096,,,,1922.0,638.751822415145,638.751822415145,2085,1,151.687,0.0
2097,,,,1920.0,640.751822415145,640.751822415145,2086,1,151.659,0.0
2098,,,,1916.0,642.751822415145,642.751822415145,2087,1,151.633,0.0
2099,,,,1912.0,644.751822415145,644.751822415145,2088,1,151.609,0.0
2100,,,,1909.0,646.751822415145,646.751822415145,2089,1,151.591,0.0
2101,,,,1905.0,648.751822415145,648.751822415145,2090,1,151.581,0.0
2102,,,,1899.0,650.751822415145,650.751822415145,2091,1,151.573,0.0
2103,,,,1895.0,652.751822415145,652.751822415145,2092,1,151.566,0.0
2104,,,,1889.0,654.751822415145,654.751822415145,2093,1,151.564,0.0
2204,,,,1774.0,854.751822415145,854.751822415145,2193,1,151.555,0.0
2205,,,,1778.0,856.751822415145,856.751822415145,2194,1,151.548,0.0
2211,,,,1793.0,868.751822415145,868.751822415145,2200,1,151.541,0.0
2212,,,,1794.0,870.751822415145,870.751822415145,2201,1,151.5,0.0
2213,,,,1794.0,872.751822415145,872.751822415145,2202,1,151.461,0.0
2214,,,,1796.0,874.751822415145,874.751822415145,2203,1,151.431,0.0
2215,,,,1798.0,876.751822415145,876.751822415145,2204,1,151.415,0.0
2216,,,,1802.0,878.751822415145,878.751822415145,2205,1,151.412,0.0
2223,,,,1817.0,892.751822415145,892.751822415145,2212,1,151.398,0.0
2224,,,,1817.0,894.751822415145,894.751822415145,2213,1,151.362,0.0
2225,,,,1817.0,896.751822415145,896.751822415145,2214,1,151.322,0.0
2226,,,,1819.0,898.751822415145,898.751822415145,2215,1,151.291,0.0
2227,,,,1822.0,900.751822415145,900.751822415145,2216,1,151.279,0.0
2228,,,,1824.0,902.751822415145,902.751822415145,2217,1,151.278,0.0
2234,,,,1826.0,914.751822415145,914.751822415145,2223,1,151.25,0.0
2235,,,,1826.0,916.751822415145,916.751822415145,2224,1,151.211,0.0
2236,,,,1826.0,918.751822415145,918.751822415145,2225,1,151.172,0.0
2237,,,,1826.0,920.751822415145,920.751822415145,2226,1,151.135,0.0
2238,,,,1826.0,922.751822415145,922.751822415145,2227,1,151.105,0.0
2239,,,,1827.0,924.751822415145,924.751822415145,2228,1,151.09,0.0
2240,,,,1828.0,926.751822415145,926.751822415145,2229,1,151.084,0.0
2249,,,,1837.0,944.751822415145,944.751822415145,2238,1,151.073,0.0
2250,,,,1835.0,946.751822415145,946.751822415145,2239,1,151.034,0.0
2251,,,,1834.0,948.751822415145,948.751822415145,2240,1,150.997,0.0
2252,,,,1834.0,950.751822415145,950.751822415145,2241,1,150.97,0.0
2253,,,,1836.0,952.751822415145,952.751822415145,2242,1,150.95,0.0
2254,,,,1836.0,954.751822415145,954.751822415145,2243,1,150.94,0.0
2255,,,,1837.0,956.751822415145,956.751822415145,2244,1,150.939,0.0
2267,,,,1848.0,980.751822415145,980.751822415145,2256,1,150.903,0.0
2268,,,,1844.0,982.751822415145,982.751822415145,2257,1,150.866,0.0
2269,,,,1846.0,984.751822415145,984.751822415145,2258,1,150.835,0.0
2270,,,,1846.0,986.751822415145,986.751822415145,2259,1,150.816,0.0
2271,,,,1846.0,988.751822415145,988.751822415145,2260,1,150.806,0.0
2280,,,,1844.0,1006.751822415145,1006.751822415145,2269,1,150.801,0.0
2281,,,,1841.0,1008.751822415145,1008.751822415145,2270,1,150.779,0.0
2282,,,,1834.0,1010.751822415145,1010.751822415145,2271,1,150.754,0.0
2283,,,,1830.0,1012.751822415145,1012.751822415145,2272,1,150.726,0.0
2284,,,,1827.0,1014.751822415145,1014.751822415145,2273,1,150.698,0.0
2285,,,,1821.0,1016.751822415145,1016.751822415145,2274,1,150.67,0.0
2286,,,,1817.0,1018.751822415145,1018.751822415145,2275,1,150.643,0.0
2287,,,,1815.0,1020.751822415145,1020.751822415145,2276,1,150.616,0.0
2288,,,,1812.0,1022.751822415145,1022.751822415145,2277,1,150.588,0.0
2289,,,,1808.0,1024.751822415145,1024.751822415145,2278,1,150.555,0.0
2290,,,,1805.0,1026.751822415145,1026.751822415145,2279,1,150.52,0.0
2291,,,,1804.0,1028.751822415145,1028.751822415145,2280,1,150.484,0.0
2292,,,,1800.0,1030.751822415145,1030.751822415145,2281,1,150.446,0.0
2293,,,,1798.0,1032.751822415145,1032.751822415145,2282,1,150.411,0.0
2294,,,,1797.0,1034.751822415145,1034.751822415145,2283,1,150.374,0.0
2295,,,,1794.0,1036.751822415145,1036.751822415145,2284,1,150.333,0.0
2296,,,,1793.0,1038.751822415145,1038.751822415145,2285,1,150.293,0.0
2297,,,,1796.0,1040.751822415145,1040.751822415145,2286,1,150.255,0.0
2298,,,,1795.0,1042.751822415145,1042.751822415145,2287,1,150.217,0.0
2299,,,,1793.0,1044.751822415145,1044.751822415145,2288,1,150.177,0.0
2300,,,,1793.0,1046.751822415145,1046.751822415145,2289,1,150.137,0.0
2301,,,,1792.0,1048.751822415145,1048.751822415145,2290,1,150.101,0.0
2302,,,,1789.0,1050.751822415145,1050.751822415145,2291,1,150.067,0.0
2303,,,,1784.0,1052.751822415145,1052.751822415145,2292,1,150.032,0.0
2304,,,,1783.0,1054.751822415145,1054.751822415145,2293,1,149.995,0.0
2305,,,,1783.0,1056.751822415145,1056.751822415145,2294,1,149.959,0.0
2306,,,,1778.0,1058.751822415145,1058.751822415145,2295,1,149.925,0.0
2307,,,,1773.0,1060.751822415145,1060.751822415145,2296,1,149.89,0.0
2308,,,,1772.0,1062.751822415145,1062.751822415145,2297,1,149.859,0.0
2309,,,,1771.0,1064.751822415145,1064.751822415145,2298,1,149.832,0.0
2310,,,,1768.0,1066.751822415145,1066.751822415145,2299,1,149.811,0.0
2311,,,,1765.0,1068.751822415145,1068.751822415145,2300,1,149.79,0.0
2312,,,,1763.0,1070.751822415145,1070.751822415145,2301,1,149.771,0.0
2313,,,,1759.0,1072.751822415145,1072.751822415145,2302,1,149.754,0.0
2314,,,,1757.0,1074.751822415145,1074.751822415145,2303,1,149.733,0.0
2315,,,,1757.0,1076.751822415145,1076.751822415145,2304,1,149.712,0.0
2316,,,,1755.0,1078.751822415145,1078.751822415145,2305,1,149.69,0.0
2317,,,,1753.0,1080.751822415145,1080.751822415145,2306,1,149.669,0.0
2318,,,,1751.0,1082.751822415145,1082.751822415145,2307,1,149.65,0.0
2319,,,,1749.0,1084.751822415145,1084.751822415145,2308,1,149.629,0.0
2320,,,,1748.0,1086.751822415145,1086.751822415145,2309,1,149.609,0.0
2321,,,,1747.0,1088.751822415145,1088.751822415145,2310,1,149.585,0.0
2322,,,,1744.0,1090.751822415145,1090.751822415145,2311,1,149.562,0.0
2323,,,,1742.0,1092.751822415145,1092.751822415145,2312,1,149.539,0.0
2324,,,,1740.0,1094.751822415145,1094.751822415145,2313,1,149.514,0.0
2325,,,,1738.0,1096.751822415145,1096.751822415145,2314,1,149.492,0.0
2326,,,,1736.0,1098.751822415145,1098.751822415145,2315,1,149.466,0.0
2327,,,,1735.0,1100.751822415145,1100.751822415145,2316,1,149.438,0.0
2328,,,,1734.0,1102.751822415145,1102.751822415145,2317,1,149.41,0.0
2329,,,,1731.0,1104.751822415145,1104.751822415145,2318,1,149.379,0.0
2330,,,,1728.0,1106.751822415145,1106.751822415145,2319,1,149.35,0.0
2331,,,,1724.0,1108.751822415145,1108.751822415145,2320,1,149.321,0.0
2332,,,,1720.0,1110.751822415145,1110.751822415145,2321,1,149.293,0.0
2333,,,,1716.0,1112.751822415145,1112.751822415145,2322,1,149.268,0.0
2334,,,,1713.0,1114.751822415145,1114.751822415145,2323,1,149.246,0.0
2335,,,,1711.0,1116.751822415145,1116.751822415145,2324,1,149.229,0.0
2336,,,,1710.0,1118.751822415145,1118.751822415145,2325,1,149.212,0.0
2337,,,,1708.0,1120.751822415145,1120.751822415145,2326,1,149.196,0.0
2338,,,,1706.0,1122.751822415145,1122.751822415145,2327,1,149.179,0.0
2339,,,,1703.0,1124.751822415145,1124.751822415145,2328,1,149.163,0.0
2340,,,,1701.0,1126.751822415145,1126.751822415145,2329,1,149.149,0.0
2341,,,,1699.0,1128.751822415145,1128.751822415145,2330,1,149.137,0.0
2342,,,,1699.0,1130.751822415145,1130.751822415145,2331,1,149.127,0.0
2343,,,,1698.0,1132.751822415145,1132.751822415145,2332,1,149.121,0.0
2344,,,,1696.0,1134.751822415145,1134.751822415145,2333,1,149.113,0.0
2345,,,,1696.0,1136.751822415145,1136.751822415145,2334,1,149.102,0.0
2346,,,,1694.0,1138.751822415145,1138.751822415145,2335,1,149.093,0.0
2347,,,,1690.0,1140.751822415145,1140.751822415145,2336,1,149.085,0.0
2348,,,,1686.0,1142.751822415145,1142.751822415145,2337,1,149.079,0.0
2349,,,,1683.0,1144.751822415145,1144.751822415145,2338,1,149.076,0.0
2350,,,,1680.0,1146.751822415145,1146.751822415145,2339,1,149.074,0.0
2351,,,,1676.0,1148.751822415145,1148.751822415145,2340,1,149.069,0.0
2352,,,,1673.0,1150.751822415145,1150.751822415145,2341,1,149.063,0.0
2353,,,,1671.0,1152.751822415145,1152.751822415145,2342,1,149.06,0.0
2367,,,,1606.0,1180.751822415145,1180.751822415145,2356,1,149.049,0.0
2368,,,,1603.0,1182.751822415145,1182.751822415145,2357,1,149.025,0.0
2369,,,,1600.0,1184.751822415145,1184.751822415145,2358,1,148.999,0.0
2370,,,,1597.0,1186.751822415145,1186.751822415145,2359,1,148.971,0.0
2371,,,,1596.0,1188.751822415145,1188.751822415145,2360,1,148.943,0.0
2372,,,,1592.0,1190.751822415145,1190.751822415145,2361,1,148.912,0.0
2373,,,,1588.0,1192.751822415145,1192.751822415145,2362,1,148.876,0.0
2374,,,,1588.0,1194.751822415145,1194.751822415145,2363,1,148.838,0.0
2375,,,,1586.0,1196.751822415145,1196.751822415145,2364,1,148.806,0.0
2376,,,,1579.0,1198.751822415145,1198.751822415145,2365,1,148.769,0.0
2377,,,,1573.0,1200.751822415145,1200.751822415145,2366,1,148.727,0.0
2378,,,,1571.0,1202.751822415145,1202.751822415145,2367,1,148.679,0.0
2379,,,,1569.0,1204.751822415145,1204.751822415145,2368,1,148.634,0.0
2380,,,,1566.0,1206.751822415145,1206.751822415145,2369,1,148.589,0.0
2381,,,,1562.0,1208.751822415145,1208.751822415145,2370,1,148.541,0.0
2382,,,,1560.0,1210.751822415145,1210.751822415145,2371,1,148.492,0.0
2383,,,,1559.0,1212.751822415145,1212.751822415145,2372,1,148.446,0.0
2384,,,,1556.0,1214.751822415145,1214.751822415145,2373,1,148.402,0.0
2385,,,,1551.0,1216.751822415145,1216.751822415145,2374,1,148.355,0.0
2386,,,,1546.0,1218.751822415145,1218.751822415145,2375,1,148.309,0.0
2387,,,,1542.0,1220.751822415145,1220.751822415145,2376,1,148.259,0.0
2388,,,,1539.0,1222.751822415145,1222.751822415145,2377,1,148.213,0.0
2389,,,,1536.0,1224.751822415145,1224.751822415145,2378,1,148.164,0.0
2390,,,,1534.0,1226.751822415145,1226.751822415145,2379,1,148.118,0.0
2391,,,,1532.0,1228.751822415145,1228.751822415145,2380,1,148.068,0.0
2392,,,,1529.0,1230.751822415145,1230.751822415145,2381,1,148.02,0.0
2393,,,,1525.0,1232.751822415145,1232.751822415145,2382,1,147.972,0.0
2394,,,,1524.0,1233.751822415145,1233.751822415145,1,2,147.947,9127.265138433757
2395,,,,1525.0,1235.751822415145,1235.751822415145,2,2,147.898,17913.95889722043
2396,,,,1523.0,1237.751822415145,1237.751822415145,3,2,147.853,16472.985265394993
2397,,,,1520.0,1239.751822415145,1239.751822415145,4,2,147.807,16861.071095509626
2398,,,,1513.0,1241.751822415145,1241.751822415145,5,2,147.761,16883.016721786742
2399,,,,1508.0,1243.751822415145,1243.751822415145,6,2,147.713,17639.82364686271
2400,,,,1507.0,1245.751822415145,1245.751822415145,7,2,147.665,17662.44872646502
2401,,,,1505.0,1247.751822415145,1247.751822415145,8,2,147.62,16579.907859678915
2402,,,,1500.0,1249.751822415145,1249.751822415145,9,2,147.575,16601.422014808613
2403,,,,1496.0,1251.751822415145,1251.751822415145,10,2,147.528,17361.598748357203
2404,,,,1492.0,1253.751822415145,1253.751822415145,11,2,147.481,17383.79935480577
2405,,,,1489.0,1255.751822415145,1255.751822415145,12,2,147.432,18146.539322994406
2406,,,,1486.0,1257.751822415145,1257.751822415145,13,2,147.384,17798.657341303555
2407,,,,1483.0,1259.751822415145,1259.751822415145,14,2,147.337,17449.939892137554
2408,,,,1482.0,1261.751822415145,1261.751822415145,15,2,147.29,17472.069246586125
2409,,,,1480.0,1263.751822415145,1263.751822415145,16,2,147.244,17122.022446105348
2410,,,,1477.0,1265.751822415145,1265.751822415145,17,2,147.198,17143.762912392885
2411,,,,1473.0,1267.751822415145,1267.751822415145,18,2,147.15,17911.69024436483
2412,,,,1470.0,1269.751822415145,1269.751822415145,19,2,147.102,17934.09663596714
2413,,,,1466.0,1271.751822415145,1271.751822415145,20,2,147.056,17208.41473858484
2414,,,,1463.0,1273.751822415145,1273.751822415145,21,2,147.011,16855.57697230291
2415,,,,1458.0,1275.751822415145,1275.751822415145,22,2,146.966,16876.87620741148
2416,,,,1454.0,1277.751822415145,1277.751822415145,23,2,146.922,16522.700813785636
2417,,,,1450.0,1279.751822415145,1279.751822415145,24,2,146.874,18047.32638807812
2418,,,,1445.0,1281.751822415145,1281.751822415145,25,2,146.829,16940.445997441082
2419,,,,1440.0,1283.751822415145,1283.751822415145,26,2,146.781,18092.2738838076
2420,,,,1435.0,1285.751822415145,1285.751822415145,27,2,146.734,17737.209969339405
2421,,,,1431.0,1287.751822415145,1287.751822415145,28,2,146.687,17759.111091787974
2422,,,,1427.0,1289.751822415145,1289.751822415145,29,2,146.642,17024.472554280565
2423,,,,1422.0,1291.751822415145,1291.751822415145,30,2,146.597,17045.640569389023
2424,,,,1417.0,1293.751822415145,1293.751822415145,31,2,146.554,16308.379541193768
2425,,,,1414.0,1295.751822415145,1295.751822415145,32,2,146.51,16708.4813317122
2426,,,,1410.0,1297.751822415145,1297.751822415145,33,2,146.468,15968.934803957467
2427,,,,1403.0,1299.751822415145,1299.751822415145,34,2,146.425,16369.593052465083
2428,,,,1398.0,1301.751822415145,1301.751822415145,35,2,146.38,17152.17490630806
2429,,,,1394.0,1303.751822415145,1303.751822415145,36,2,146.337,16410.10385468387
2430,,,,1390.0,1305.751822415145,1305.751822415145,37,2,146.292,17194.538251863687
2431,,,,1386.0,1307.751822415145,1307.751822415145,38,2,146.249,16450.554112891838
2432,,,,1382.0,1309.751822415145,1309.751822415145,39,2,146.205,16853.85501678773
2433,,,,1378.0,1311.751822415145,1311.751822415145,40,2,146.163,16107.598786267197
2434,,,,1374.0,1313.751822415145,1313.751822415145,41,2,146.12,16511.454928173975
2435,,,,1369.0,1315.751822415145,1315.751822415145,42,2,146.077,16531.725615934687
2436,,,,1364.0,1317.751822415145,1317.751822415145,43,2,146.034,16551.981511695398
2437,,,,1357.0,1319.751822415145,1319.751822415145,44,2,145.991,16572.222615445156
2438,,,,1352.0,1321.751822415145,1321.751822415145,45,2,145.948,16592.44892721682
2439,,,,1347.0,1323.751822415145,1323.751822415145,46,2,145.904,16998.94314252652
2440,,,,1343.0,1325.751822415145,1325.751822415145,47,2,145.861,16632.743160081518
2441,,,,1338.0,1327.751822415145,1327.751822415145,48,2,145.817,17040.14382656311
2442,,,,1333.0,1329.751822415145,1329.751822415145,49,2,145.775,16285.28972287105
2443,,,,1326.0,1331.751822415145,1331.751822415145,50,2,145.729,17857.705229097002
2444,,,,1319.0,1333.751822415145,1333.751822415145,51,2,145.682,18267.487759135427
2445,,,,1315.0,1335.751822415145,1335.751822415145,52,2,145.635,18288.979041572948
2446,,,,1312.0,1337.751822415145,1337.751822415145,53,2,145.589,17920.930089624282
2447,,,,1311.0,1339.751822415145,1339.751822415145,54,2,145.546,16772.09181321231
2448,,,,1308.0,1341.751822415145,1341.751822415145,55,2,145.506,15620.782056699802
2449,,,,1305.0,1343.751822415145,1343.751822415145,56,2,145.463,16812.575332703917
2450,,,,1301.0,1345.751822415145,1345.751822415145,57,2,145.423,15658.414584598959
2451,,,,1297.0,1347.751822415145,1347.751822415145,58,2,145.383,15677.372658767226
2452,,,,1291.0,1349.751822415145,1349.751822415145,59,2,145.342,16088.670541436115
2453,,,,1286.0,1351.751822415145,1351.751822415145,60,2,145.303,15322.316428614307
2454,,,,1280.0,1353.751822415145,1353.751822415145,61,2,145.265,14947.564462354198
2455,,,,1271.0,1355.751822415145,1355.751822415145,62,2,145.224,16147.07063680242
2456,,,,1263.0,1357.751822415145,1357.751822415145,63,2,145.182,16560.569581092914
2457,,,,1259.0,1359.751822415145,1359.751822415145,64,2,145.142,15790.74352363104
2458,,,,1254.0,1361.751822415145,1361.751822415145,65,2,145.104,15019.234739043915
2459,,,,1247.0,1363.751822415145,1363.751822415145,66,2,145.064,15828.68555227041
2460,,,,1242.0,1365.751822415145,1365.751822415145,67,2,145.024,15847.52858642743
2461,,,,1236.0,1367.751822415145,1367.751822415145,68,2,144.983,16262.961713287845
2462,,,,1230.0,1369.751822415145,1369.751822415145,69,2,144.94,17076.26997723537
2463,,,,1223.0,1371.751822415145,1371.751822415145,70,2,144.897,17096.13061699608
2464,,,,1217.0,1373.751822415145,1373.751822415145,71,2,144.854,17115.97646474548
2465,,,,1212.0,1375.751822415145,1375.751822415145,72,2,144.814,15940.451155822164
2466,,,,1203.0,1377.751822415145,1377.751822415145,73,2,144.77,17554.89488465287
2467,,,,1196.0,1379.751822415145,1379.751822415145,74,2,144.725,17974.406422359614
2468,,,,1189.0,1381.751822415145,1381.751822415145,75,2,144.684,16395.54794010586
2469,,,,1181.0,1383.751822415145,1383.751822415145,76,2,144.645,15614.02171006941
2470,,,,1171.0,1385.751822415145,1385.751822415145,77,2,144.604,16433.920484150814
2471,,,,1166.0,1387.751822415145,1387.751822415145,78,2,144.562,16854.207026181546
2472,,,,1161.0,1389.751822415145,1389.751822415145,79,2,144.525,14865.089848203967
2473,,,,1157.0,1391.751822415145,1391.751822415145,80,2,144.494,12469.524318843065
2474,,,,1153.0,1393.751822415145,1393.751822415145,81,2,144.471,9263.146393374867
2475,,,,1147.0,1395.751822415145,1395.751822415145,82,2,144.457,5645.804955658717
2476,,,,1137.0,1397.751822415145,1397.751822415145,83,2,144.448,3634.3574122880264
2477,,,,1130.0,1399.751822415145,1399.751822415145,84,2,144.441,2830.6103295818443
2478,,,,1126.0,1401.751822415145,1401.751822415145,85,2,144.438,1214.8099941281944
2479,,,,1123.0,1403.751822415145,1403.751822415145,86,2,144.436,811.0148078890523
2486,,,,1112.0,1417.751822415145,1417.751822415145,93,2,144.434,819.0919378860369
2487,,,,1111.0,1419.751822415145,1419.751822415145,94,2,144.429,2050.568853389665
2488,,,,1111.0,1421.751822415145,1421.751822415145,95,2,144.421,3285.3841112409323
2489,,,,1109.0,1423.751822415145,1423.751822415145,96,2,144.416,2056.161025652746
2490,,,,1109.0,1425.751822415145,1425.751822415145,97,2,144.409,2882.5493907654395
2491,,,,1106.0,1427.751822415145,1427.751822415145,98,2,144.402,2886.4530210868456
2492,,,,1103.0,1429.751822415145,1429.751822415145,99,2,144.397,2064.5544828064794
2493,,,,1102.0,1431.751822415145,1431.751822415145,100,2,144.391,2480.836471749843
2494,,,,1102.0,1433.751822415145,1433.751822415145,101,2,144.383,3312.2419901211692
2495,,,,1099.0,1435.751822415145,1435.751822415145,102,2,144.376,2902.103823423498
2496,,,,1096.0,1437.751822415145,1437.751822415145,103,2,144.37,2490.870526290595
2497,,,,1098.0,1439.751822415145,1439.751822415145,104,2,144.367,1247.128865852
2498,,,,1100.0,1441.751822415145,1441.751822415145,105,2,144.366,416.28132893154833
2499,,,,1102.0,1443.751822415145,1443.751822415145,106,2,144.361,2084.2506621622397
2500,,,,1101.0,1445.751822415145,1445.751822415145,107,2,144.353,3339.2703332463466
2501,,,,1098.0,1447.751822415145,1447.751822415145,108,2,144.341,5015.487175444005
2502,,,,1100.0,1449.751822415145,1449.751822415145,109,2,144.318,9625.129960048649
2503,,,,1101.0,1451.751822415145,1451.751822415145,110,2,144.291,11312.693326322522
2504,,,,1101.0,1453.751822415145,1453.751822415145,111,2,144.261,12584.489875846524
2505,,,,1103.0,1455.751822415145,1455.751822415145,112,2,144.233,11759.318655159843
2506,,,,1106.0,1457.751822415145,1457.751822415145,113,2,144.203,12614.043139504522
2507,,,,1106.0,1459.751822415145,1459.751822415145,114,2,144.178,10524.11725749994
2508,,,,1107.0,1461.751822415145,1461.751822415145,115,2,144.158,8429.513469362177
2509,,,,1109.0,1463.751822415145,1463.751822415145,116,2,144.144,5908.036090675263
2510,,,,1108.0,1465.751822415145,1465.751822415145,117,2,144.137,2957.8388078257367
2518,,,,1130.0,1481.751822415145,1481.751822415145,125,2,144.125,5125.592925996609
2519,,,,1133.0,1483.751822415145,1483.751822415145,126,2,144.087,16250.13304919739
2520,,,,1137.0,1485.751822415145,1485.751822415145,127,2,144.072,6421.991390924045
2526,,,,1161.0,1497.751822415145,1497.751822415145,133,2,144.055,7336.226568727378
2527,,,,1160.0,1499.751822415145,1499.751822415145,134,2,144.01,19441.17039258772
2528,,,,1166.0,1501.751822415145,1501.751822415145,135,2,143.968,18163.802425250367
2529,,,,1173.0,1503.751822415145,1503.751822415145,136,2,143.929,16884.099898290755
2530,,,,1175.0,1505.751822415145,1505.751822415145,137,2,143.892,16035.318825338589
2531,,,,1178.0,1507.751822415145,1507.751822415145,138,2,143.866,11280.558871770176
2532,,,,1181.0,1509.751822415145,1509.751822415145,139,2,143.858,3475.1346668248484
2537,,,,1183.0,1519.751822415145,1519.751822415145,144,2,143.85,3497.958058591607
2538,,,,1187.0,1521.751822415145,1521.751822415145,145,2,143.812,16634.506564096584
2539,,,,1193.0,1523.751822415145,1523.751822415145,146,2,143.771,17966.409934181258
2540,,,,1196.0,1525.751822415145,1525.751822415145,147,2,143.73,17984.862162541842
2541,,,,1201.0,1527.751822415145,1527.751822415145,148,2,143.688,18442.341678387176
2542,,,,1206.0,1529.751822415145,1529.751822415145,149,2,143.65,16703.121507658976
2543,,,,1208.0,1531.751822415145,1531.751822415145,150,2,143.616,14960.687446605307
2544,,,,1210.0,1533.751822415145,1533.751822415145,151,2,143.581,15417.1122749867
2545,,,,1210.0,1535.751822415145,1535.751822415145,152,2,143.55,13669.820652168446
2546,,,,1206.0,1537.751822415145,1537.751822415145,153,2,143.518,14126.058885030985
2547,,,,1204.0,1539.751822415145,1539.751822415145,154,2,143.484,15025.002986247291
2548,,,,1206.0,1541.751822415145,1541.751822415145,155,2,143.446,16810.244315416774
2549,,,,1204.0,1543.751822415145,1543.751822415145,156,2,143.407,17270.363819089172
2550,,,,1209.0,1545.751822415145,1545.751822415145,157,2,143.36,20833.718804349315
2551,,,,1218.0,1547.751822415145,1547.751822415145,158,2,143.322,16861.07834224235
2552,,,,1220.0,1549.751822415145,1549.751822415145,159,2,143.3,9772.245270570183
2556,,,,1234.0,1557.751822415145,1557.751822415145,163,2,143.275,11160.318212718043
2557,,,,1240.0,1559.751822415145,1559.751822415145,164,2,143.237,16981.72933746958
2558,,,,1243.0,1561.751822415145,1561.751822415145,165,2,143.195,18788.099315917334
2559,,,,1247.0,1563.751822415145,1563.751822415145,166,2,143.158,16568.045947352377
2560,,,,1248.0,1565.751822415145,1565.751822415145,167,2,143.138,8965.369674995172
2561,,,,1249.0,1567.751822415145,1567.751822415145,168,2,143.135,1346.4150523811813
2565,,,,1257.0,1575.751822415145,1575.751822415145,172,2,143.116,8570.150163434637
2566,,,,1261.0,1577.751822415145,1577.751822415145,173,2,143.076,18061.597982434647
2567,,,,1266.0,1579.751822415145,1579.751822415145,174,2,143.037,17627.513793494156
2568,,,,1269.0,1581.751822415145,1581.751822415145,175,2,142.997,18097.392030904142
2569,,,,1273.0,1583.751822415145,1583.751822415145,176,2,142.96,16756.742035650383
2570,,,,1275.0,1585.751822415145,1585.751822415145,177,2,142.929,14053.819085514426
2571,,,,1277.0,1587.751822415145,1587.751822415145,178,2,142.905,10892.002905797466
2572,,,,1275.0,1589.751822415145,1589.751822415145,179,2,142.891,6360.825965749968
2573,,,,1274.0,1591.751822415145,1591.751822415145,180,2,142.883,3639.050282382444
2574,,,,1277.0,1593.751822415145,1593.751822415145,181,2,142.882,455.43848953463856
2587,,,,1308.0,1619.751822415145,1619.751822415145,194,2,142.864,8331.0768764614
2588,,,,1310.0,1621.751822415145,1621.751822415145,195,2,142.824,18532.60138568183
2589,,,,1311.0,1623.751822415145,1623.751822415145,196,2,142.792,14840.624016354526
2590,,,,1311.0,1625.751822415145,1625.751822415145,197,2,142.769,10677.780271694104
2591,,,,1313.0,1627.751822415145,1627.751822415145,198,2,142.757,5577.185602163092
2592,,,,1314.0,1629.751822415145,1629.751822415145,199,2,142.751,2791.8430998847252
2607,,,,1310.0,1659.751822415145,1659.751822415145,214,2,142.741,4738.458672845136
2608,,,,1306.0,1661.751822415145,1661.751822415145,215,2,142.704,17550.53371112668
2609,,,,1308.0,1663.751822415145,1663.751822415145,216,2,142.664,18991.261202368318
2610,,,,1310.0,1665.751822415145,1665.751822415145,217,2,142.626,18058.448821830712
2611,,,,1311.0,1667.751822415145,1667.751822415145,218,2,142.589,17599.709933117938
2612,,,,1313.0,1669.751822415145,1669.751822415145,219,2,142.567,10475.074514793374
2613,,,,1313.0,1671.751822415145,1671.751822415145,220,2,142.562,2383.324626864872
2620,,,,1305.0,1685.751822415145,1685.751822415145,227,2,142.549,6248.143041930371
2621,,,,1308.0,1687.751822415145,1687.751822415145,228,2,142.527,10585.025847599554
2622,,,,1306.0,1689.751822415145,1689.751822415145,229,2,142.501,12522.29114341429
2623,,,,1305.0,1691.751822415145,1691.751822415145,230,2,142.465,17355.30299374941
2624,,,,1308.0,1693.751822415145,1693.751822415145,231,2,142.422,20748.69864359556
2625,,,,1311.0,1695.751822415145,1695.751822415145,232,2,142.381,19801.163457449784
2626,,,,1312.0,1697.751822415145,1697.751822415145,233,2,142.345,17402.187074003745
2627,,,,1314.0,1699.751822415145,1699.751822415145,234,2,142.313,15483.134536486781
2628,,,,1319.0,1701.751822415145,1701.751822415145,235,2,142.281,15497.867460740716
2629,,,,1321.0,1703.751822415145,1703.751822415145,236,2,142.247,16482.01334995267
2630,,,,1324.0,1705.751822415145,1705.751822415145,237,2,142.211,17467.731068421086
2631,,,,1325.0,1707.751822415145,1707.751822415145,238,2,142.172,18940.567874049182
2632,,,,1325.0,1709.751822415145,1709.751822415145,239,2,142.132,19443.571284792746
2633,,,,1325.0,1711.751822415145,1711.751822415145,240,2,142.091,19947.288767112743
2634,,,,1325.0,1713.751822415145,1713.751822415145,241,2,142.051,19477.95481299733
2635,,,,1326.0,1715.751822415145,1715.751822415145,242,2,142.01,19982.505315508253
2636,,,,1325.0,1717.751822415145,1717.751822415145,243,2,141.97,19512.286501174232
2637,,,,1324.0,1719.751822415145,1719.751822415145,244,2,141.93,19529.5016953425
2638,,,,1323.0,1721.751822415145,1721.751822415145,245,2,141.888,20523.894666838085
2639,,,,1324.0,1723.751822415145,1723.751822415145,246,2,141.847,20052.63765664985
2640,,,,1325.0,1725.751822415145,1725.751822415145,247,2,141.81,18112.298633563078
2641,,,,1324.0,1727.751822415145,1727.751822415145,248,2,141.772,18618.45405756235
2642,,,,1322.0,1729.751822415145,1729.751822415145,249,2,141.736,17654.345268094494
2643,,,,1322.0,1731.751822415145,1731.751822415145,250,2,141.702,16688.705283413914
2644,,,,1322.0,1733.751822415145,1733.751822415145,251,2,141.664,18668.88011860398
2645,,,,1318.0,1735.751822415145,1735.751822415145,252,2,141.624,19668.70649072975
2646,,,,1314.0,1737.751822415145,1737.751822415145,253,2,141.581,21162.02020928762
2647,,,,1315.0,1739.751822415145,1739.751822415145,254,2,141.538,21179.942237034335
2648,,,,1312.0,1741.751822415145,1741.751822415145,255,2,141.496,20704.949382829607
2649,,,,1307.0,1743.751822415145,1743.751822415145,256,2,141.452,21709.207988549195
2650,,,,1302.0,1745.751822415145,1745.751822415145,257,2,141.407,22221.07266313747
2651,,,,1299.0,1747.751822415145,1747.751822415145,258,2,141.362,22239.45157827073
2652,,,,1291.0,1749.751822415145,1749.751822415145,259,2,141.317,22257.814293375897
2653,,,,1281.0,1751.751822415145,1751.751822415145,260,2,141.272,22276.160808509183
2654,,,,1271.0,1753.751822415145,1753.751822415145,261,2,141.225,23285.19254310866
2655,,,,1263.0,1755.751822415145,1755.751822415145,262,2,141.179,22808.24153223319
2656,,,,1255.0,1757.751822415145,1757.751822415145,263,2,141.135,21834.469711711135
2657,,,,1249.0,1759.751822415145,1759.751822415145,264,2,141.091,21852.49958464063
2658,,,,1241.0,1761.751822415145,1761.751822415145,265,2,141.049,20876.54768540157
2659,,,,1235.0,1763.751822415145,1763.751822415145,266,2,141.009,19899.212461081017
2660,,,,1228.0,1765.751822415145,1765.751822415145,267,2,140.971,18920.45455760694
2661,,,,1221.0,1767.751822415145,1767.751822415145,268,2,140.934,18438.50886742689
2662,,,,1212.0,1769.751822415145,1769.751822415145,269,2,140.896,18953.227932233334
2663,,,,1204.0,1771.751822415145,1771.751822415145,270,2,140.857,19468.65925761008
2664,,,,1196.0,1773.751822415145,1773.751822415145,271,2,140.818,19485.24023856629
2665,,,,1186.0,1775.751822415145,1775.751822415145,272,2,140.779,19501.80905153671
2666,,,,1179.0,1777.751822415145,1777.751822415145,273,2,140.74,19518.365696478708
2667,,,,1169.0,1779.751822415145,1779.751822415145,274,2,140.701,19534.91017344915
2668,,,,1158.0,1781.751822415145,1781.751822415145,275,2,140.66,20553.934454766855
2669,,,,1152.0,1783.751822415145,1783.751822415145,276,2,140.617,21574.319538202177
2670,,,,1147.0,1785.751822415145,1785.751822415145,277,2,140.578,19583.634864450647
2671,,,,1141.0,1787.751822415145,1787.751822415145,278,2,140.541,18595.12716892744
2672,,,,1133.0,1789.751822415145,1789.751822415145,279,2,140.504,18611.02963443767
2673,,,,1125.0,1791.751822415145,1791.751822415145,280,2,140.469,17620.18596797905
2674,,,,1118.0,1793.751822415145,1793.751822415145,281,2,140.435,17131.650105401808
2675,,,,1112.0,1795.751822415145,1795.751822415145,282,2,140.399,18155.094022661542
2676,,,,1104.0,1797.751822415145,1797.751822415145,283,2,140.361,19179.998463134
2677,,,,1097.0,1799.751822415145,1799.751822415145,284,2,140.321,20206.317640761088
2678,,,,1089.0,1801.751822415145,1801.751822415145,285,2,140.28,20728.507887980388
2679,,,,1082.0,1803.751822415145,1803.751822415145,286,2,140.239,20745.452956353427
2680,,,,1078.0,1805.751822415145,1805.751822415145,287,2,140.202,18737.05333271036
2681,,,,1072.0,1807.751822415145,1807.751822415145,288,2,140.165,18752.856342220588
2682,,,,1066.0,1809.751822415145,1809.751822415145,289,2,140.126,19783.028774199513
2683,,,,1059.0,1811.751822415145,1811.751822415145,290,2,140.086,20306.984066499666
2684,,,,1052.0,1813.751822415145,1813.751822415145,291,2,140.043,21847.632823240518
2685,,,,1046.0,1815.751822415145,1815.751822415145,292,2,139.998,22881.823024551275
2686,,,,1043.0,1817.751822415145,1817.751822415145,293,2,139.954,22390.86336029685
2687,,,,1037.0,1819.751822415145,1819.751822415145,294,2,139.911,21899.248282552468
2688,,,,1034.0,1821.751822415145,1821.751822415145,295,2,139.869,21406.9684447638
2689,,,,1034.0,1823.751822415145,1823.751822415145,296,2,139.831,19383.928619727176
2690,,,,1036.0,1825.751822415145,1825.751822415145,297,2,139.793,19399.913048449536
2691,,,,1035.0,1827.751822415145,1827.751822415145,298,2,139.757,18394.128790422234
2692,,,,1034.0,1829.751822415145,1829.751822415145,299,2,139.722,17898.20233518494
2693,,,,1030.0,1831.751822415145,1831.751822415145,300,2,139.685,18936.758413488435
2694,,,,1024.0,1833.751822415145,1833.751822415145,301,2,139.647,19464.571434242545
2695,,,,1020.0,1835.751822415145,1835.751822415145,302,2,139.606,21018.207350259123
2696,,,,1016.0,1837.751822415145,1837.751822415145,303,2,139.566,20521.954070687152
2697,,,,1011.0,1839.751822415145,1839.751822415145,304,2,139.524,21565.166116950215
2698,,,,1011.0,1841.751822415145,1841.751822415145,305,2,139.482,21582.111976520733
2699,,,,1008.0,1843.751822415145,1843.751822415145,306,2,139.439,22113.227388577023
2700,,,,1005.0,1845.751822415145,1845.751822415145,307,2,139.395,22644.968000648507
2701,,,,1002.0,1847.751822415145,1847.751822415145,308,2,139.351,22662.350897606746
2702,,,,1003.0,1849.751822415145,1849.751822415145,309,2,139.309,21648.9773990374
2703,,,,1003.0,1851.751822415145,1851.751822415145,310,2,139.27,20118.50766652039
2704,,,,1002.0,1853.751822415145,1853.751822415145,311,2,139.235,18069.77029555879
2705,,,,1002.0,1855.751822415145,1855.751822415145,312,2,139.201,17568.07589049389
2706,,,,999.0,1857.751822415145,1857.751822415145,313,2,139.166,18099.788054256518
2707,,,,996.0,1859.751822415145,1859.751822415145,314,2,139.133,17079.713390061603
2708,,,,995.0,1861.751822415145,1861.751822415145,315,2,139.099,17611.96372385364
2709,,,,994.0,1863.751822415145,1863.751822415145,316,2,139.067,16589.836461876603
2710,,,,992.0,1865.751822415145,1865.751822415145,317,2,139.035,16603.81802615904
2711,,,,989.0,1867.751822415145,1867.751822415145,318,2,139.0,18175.513228080046
2712,,,,988.0,1869.751822415145,1869.751822415145,319,2,138.961,20269.00536609649
2713,,,,985.0,1871.751822415145,1871.751822415145,320,2,138.923,19764.935569966063
2714,,,,985.0,1873.751822415145,1873.751822415145,321,2,138.882,21342.042626065955
2715,,,,986.0,1875.751822415145,1875.751822415145,322,2,138.848,17712.386823733916
2716,,,,987.0,1877.751822415145,1877.751822415145,323,2,138.814,17726.931101535305
2717,,,,988.0,1879.751822415145,1879.751822415145,324,2,138.78,17741.46613130706
2718,,,,987.0,1881.751822415145,1881.751822415145,325,2,138.744,18800.326539502577
2719,,,,986.0,1883.751822415145,1883.751822415145,326,2,138.711,17247.65994230363
2720,,,,984.0,1885.751822415145,1885.751822415145,327,2,138.681,15692.774085702053
2721,,,,983.0,1887.751822415145,1887.751822415145,328,2,138.655,13612.080024959969
2722,,,,980.0,1889.751822415145,1889.751822415145,329,2,138.626,15195.775977059815
2723,,,,977.0,1891.751822415145,1891.751822415145,330,2,138.593,17306.175099125543
2724,,,,973.0,1893.751822415145,1893.751822415145,331,2,138.554,20469.05781674203
2725,,,,970.0,1895.751822415145,1895.751822415145,332,2,138.511,22585.598583133786
2726,,,,963.0,1897.751822415145,1897.751822415145,333,2,138.466,23653.51229326201
2727,,,,956.0,1899.751822415145,1899.751822415145,334,2,138.421,23670.746228396172
2728,,,,954.0,1901.751822415145,1901.751822415145,335,2,138.379,22109.005986670345
2729,,,,952.0,1903.751822415145,1903.751822415145,336,2,138.338,21598.82021477164
2730,,,,948.0,1905.751822415145,1905.751822415145,337,2,138.298,21087.982445821246
2731,,,,945.0,1907.751822415145,1907.751822415145,338,2,138.258,21104.008519989515
2732,,,,942.0,1909.751822415145,1909.751822415145,339,2,138.218,21120.02179417279
2733,,,,940.0,1911.751822415145,1911.751822415145,340,2,138.18,20079.366448042994
2734,,,,938.0,1913.751822415145,1913.751822415145,341,2,138.139,21681.045582533465
2735,,,,938.0,1915.751822415145,1915.751822415145,342,2,138.099,21168.138076823423
2736,,,,940.0,1917.751822415145,1917.751822415145,343,2,138.059,21184.10031097665
2737,,,,941.0,1919.751822415145,1919.751822415145,344,2,138.017,22259.89097325435
2738,,,,944.0,1921.751822415145,1921.751822415145,345,2,137.974,22806.60691047104
2739,,,,947.0,1923.751822415145,1923.751822415145,346,2,137.929,23884.60045768462
2740,,,,951.0,1925.751822415145,1925.751822415145,347,2,137.885,23370.56977850079
2741,,,,955.0,1927.751822415145,1927.751822415145,348,2,137.84,23918.821705587066
2742,,,,961.0,1929.751822415145,1929.751822415145,349,2,137.796,23403.999226227646
2743,,,,966.0,1931.751822415145,1931.751822415145,350,2,137.75,24485.178432319248
2744,,,,972.0,1933.751822415145,1933.751822415145,351,2,137.706,23437.195847794126
2745,,,,982.0,1935.751822415145,1935.751822415145,352,2,137.667,20789.097677156315
2746,,,,996.0,1937.751822415145,1937.751822415145,353,2,137.644,12270.141015559466
2747,,,,1006.0,1939.751822415145,1939.751822415145,354,2,137.638,3203.872567068637
2751,,,,1034.0,1947.751822415145,1947.751822415145,358,2,137.599,20907.641365505424
2752,,,,1043.0,1949.751822415145,1949.751822415145,359,2,137.559,21459.592478079987
2753,,,,1052.0,1951.751822415145,1951.751822415145,360,2,137.54,10201.574517300025
2756,,,,1073.0,1957.751822415145,1957.751822415145,363,2,137.536,2154.1221612056534
2757,,,,1082.0,1959.751822415145,1959.751822415145,364,2,137.499,19943.012671687437
2758,,,,1090.0,1961.751822415145,1961.751822415145,365,2,137.459,21575.974303500643
2759,,,,1098.0,1963.751822415145,1963.751822415145,366,2,137.432,14575.077959827306
2760,,,,1105.0,1965.751822415145,1965.751822415145,367,2,137.429,1620.9255349749305
2763,,,,1126.0,1971.751822415145,1971.751822415145,370,2,137.414,8128.832791928694
2764,,,,1133.0,1973.751822415145,1973.751822415145,371,2,137.372,22779.093467500505
2765,,,,1143.0,1975.751822415145,1975.751822415145,372,2,137.336,19539.17393875345
2766,,,,1151.0,1977.751822415145,1977.751822415145,373,2,137.319,9234.390255365553
2771,,,,1186.0,1987.751822415145,1987.751822415145,378,2,137.284,19104.491479171447
2772,,,,1196.0,1989.751822415145,1989.751822415145,379,2,137.244,21849.70353215505
2773,,,,1204.0,1991.751822415145,1991.751822415145,380,2,137.214,16399.566650293098
2774,,,,1210.0,1993.751822415145,1993.751822415145,381,2,137.203,6018.313332366301
2778,,,,1240.0,2001.751822415145,2001.751822415145,385,2,137.201,1098.5774141612565
2779,,,,1246.0,2003.751822415145,2003.751822415145,386,2,137.162,21440.459088871172
2780,,,,1253.0,2005.751822415145,2005.751822415145,387,2,137.124,20905.686485798502
2781,,,,1263.0,2007.751822415145,2007.751822415145,388,2,137.114,5506.018442749837
2785,,,,1292.0,2015.751822415145,2015.751822415145,392,2,137.089,13818.129924045641
2786,,,,1297.0,2017.751822415145,2017.751822415145,393,2,137.048,22678.757684996483
2787,,,,1306.0,2019.751822415145,2019.751822415145,394,2,137.029,10517.782884412458
2792,,,,1343.0,2029.751822415145,2029.751822415145,399,2,137.0,16130.115002191369
2793,,,,1349.0,2031.751822415145,2031.751822415145,400,2,136.957,23934.343262579136
2794,,,,1358.0,2033.751822415145,2033.751822415145,401,2,136.927,16710.36252391112
2795,,,,1367.0,2035.751822415145,2035.751822415145,402,2,136.918,5017.324120275746
2799,,,,1392.0,2043.751822415145,2043.751822415145,406,2,136.902,8953.921984230383
2800,,,,1398.0,2045.751822415145,2045.751822415145,407,2,136.861,22962.097402551546
2801,,,,1404.0,2047.751822415145,2047.751822415145,408,2,136.819,23538.00618786112
2802,,,,1413.0,2049.751822415145,2049.751822415145,409,2,136.784,19628.63867538687
2803,,,,1420.0,2051.751822415145,2051.751822415145,410,2,136.764,11225.052150350153
2808,,,,1456.0,2061.751822415145,2061.751822415145,415,2,136.754,5639.262349644355
2809,,,,1463.0,2063.751822415145,2063.751822415145,416,2,136.718,20317.620181663293
2810,,,,1468.0,2065.751822415145,2065.751822415145,417,2,136.677,23155.41499905493
2811,,,,1475.0,2067.751822415145,2067.751822415145,418,2,136.641,20345.53653355982
2812,,,,1482.0,2069.751822415145,2069.751822415145,419,2,136.608,18663.401318855496
2813,,,,1486.0,2071.751822415145,2071.751822415145,420,2,136.575,18676.923477402357
2814,,,,1493.0,2073.751822415145,2073.751822415145,421,2,136.539,20389.34358817601
2815,,,,1497.0,2075.751822415145,2075.751822415145,422,2,136.501,21537.00454849486
2816,,,,1501.0,2077.751822415145,2077.751822415145,423,2,136.462,22118.825457383202
2817,,,,1508.0,2079.751822415145,2079.751822415145,424,2,136.422,22701.239852312858
2818,,,,1516.0,2081.751822415145,2081.751822415145,425,2,136.38,23852.05454765775
2819,,,,1521.0,2083.751822415145,2083.751822415145,426,2,136.34,22731.23188035781
2820,,,,1530.0,2085.751822415145,2085.751822415145,427,2,136.319,11942.679129114245
2826,,,,1571.0,2097.751822415145,2097.751822415145,433,2,136.286,18871.301973125446
2827,,,,1578.0,2099.751822415145,2099.751822415145,434,2,136.244,24034.305294838487
2828,,,,1585.0,2101.751822415145,2101.751822415145,435,2,136.203,23477.255129221277
2829,,,,1591.0,2103.751822415145,2103.751822415145,436,2,136.177,14898.51795613136
2830,,,,1595.0,2105.751822415145,2105.751822415145,437,2,136.175,1147.011440665996
2835,,,,1624.0,2115.751822415145,2115.751822415145,442,2,136.143,18437.033752852476
2836,,,,1633.0,2117.751822415145,2117.751822415145,443,2,136.101,24214.899539947644
2837,,,,1638.0,2119.751822415145,2119.751822415145,444,2,136.07,17884.984171018536
2838,,,,1642.0,2121.751822415145,2121.751822415145,445,2,136.056,8083.373709960979
2845,,,,1683.0,2135.751822415145,2135.751822415145,452,2,136.028,16270.909167811691
2846,,,,1688.0,2137.751822415145,2137.751822415145,453,2,135.988,23260.107989038494
2847,,,,1694.0,2139.751822415145,2139.751822415145,454,2,135.947,23856.809884965107
2848,,,,1698.0,2141.751822415145,2141.751822415145,455,2,135.916,18050.155346618147
2849,,,,1702.0,2143.751822415145,2143.751822415145,456,2,135.894,12819.250022709497
2850,,,,1705.0,2145.751822415145,2145.751822415145,457,2,135.885,5248.532560905977
2855,,,,1728.0,2155.751822415145,2155.751822415145,462,2,135.862,13473.839081172247
2856,,,,1734.0,2157.751822415145,2157.751822415145,463,2,135.824,22276.776541727617
2857,,,,1739.0,2159.751822415145,2159.751822415145,464,2,135.787,21704.6570328096
2858,,,,1741.0,2161.751822415145,2161.751822415145,465,2,135.75,21718.83737031983
2859,,,,1743.0,2163.751822415145,2163.751822415145,466,2,135.718,18796.460151282903
2860,,,,1747.0,2165.751822415145,2165.751822415145,467,2,135.691,15870.722481978793
2861,,,,1752.0,2167.751822415145,2167.751822415145,468,2,135.673,10588.496499681942
2862,,,,1757.0,2169.751822415145,2169.751822415145,469,2,135.667,3532.4427569648865
2870,,,,1781.0,2185.751822415145,2185.751822415145,477,2,135.644,13639.425791897042
2871,,,,1785.0,2187.751822415145,2187.751822415145,478,2,135.607,21956.90517453507
2872,,,,1787.0,2189.751822415145,2189.751822415145,479,2,135.57,21970.9822080453
2873,,,,1789.0,2191.751822415145,2191.751822415145,480,2,135.531,23173.258321526595
2874,,,,1791.0,2193.751822415145,2193.751822415145,481,2,135.492,23187.7308064997
2875,,,,1793.0,2195.751822415145,2195.751822415145,482,2,135.455,22012.497654019648
2876,,,,1798.0,2197.751822415145,2197.751822415145,483,2,135.423,19050.32378087579
2877,,,,1805.0,2199.751822415145,2199.751822415145,484,2,135.407,9532.140577029817
2878,,,,1811.0,2201.751822415145,2201.751822415145,485,2,135.4,4173.74864041243
2883,,,,1821.0,2211.751822415145,2211.751822415145,490,2,135.385,8983.638258499126
2884,,,,1824.0,2213.751822415145,2213.751822415145,491,2,135.345,23973.16123529332
2885,,,,1827.0,2215.751822415145,2215.751822415145,492,2,135.304,24587.33161437639
2886,,,,1832.0,2217.751822415145,2217.751822415145,493,2,135.278,15602.17681393738
2887,,,,1837.0,2219.751822415145,2219.751822415145,494,2,135.267,6605.970324745765
2888,,,,1840.0,2221.751822415145,2221.751822415145,495,2,135.266,601.0571857763064
2896,,,,1849.0,2237.751822415145,2237.751822415145,503,2,135.259,4237.5746823150275
2897,,,,1850.0,2239.751822415145,2239.751822415145,504,2,135.222,22414.98156909732
2898,,,,1851.0,2241.751822415145,2241.751822415145,505,2,135.183,23641.055160076034
2899,,,,1852.0,2243.751822415145,2243.751822415145,506,2,135.142,24868.230667167405
2900,,,,1854.0,2245.751822415145,2245.751822415145,507,2,135.1,25489.651487711737
2901,,,,1858.0,2247.751822415145,2247.751822415145,508,2,135.059,24897.265768264046
2902,,,,1862.0,2249.751822415145,2249.751822415145,509,2,135.022,22481.763212142807
2903,,,,1866.0,2251.751822415145,2251.751822415145,510,2,134.983,23711.385781629106
2904,,,,1871.0,2253.751822415145,2253.751822415145,511,2,134.946,22509.060099893548
2905,,,,1876.0,2255.751822415145,2255.751822415145,512,2,134.909,22522.858597403778
2906,,,,1877.0,2257.751822415145,2257.751822415145,513,2,134.874,21318.607096729796
2907,,,,1879.0,2259.751822415145,2259.751822415145,514,2,134.834,24378.925780792906
2908,,,,1881.0,2261.751822415145,2261.751822415145,515,2,134.79,26832.19322814868
2909,,,,1883.0,2263.751822415145,2263.751822415145,516,2,134.745,27457.215635452343
2910,,,,1891.0,2265.751822415145,2265.751822415145,517,2,134.706,23809.854677771324
2911,,,,1898.0,2267.751822415145,2267.751822415145,518,2,134.677,17715.919886149888
2912,,,,1900.0,2269.751822415145,2269.751822415145,519,2,134.669,4890.788594870439
2918,,,,1927.0,2281.751822415145,2281.751822415145,525,2,134.653,9832.415429075883
2919,,,,1934.0,2283.751822415145,2283.751822415145,526,2,134.616,22752.912070372735
2920,,,,1937.0,2285.751822415145,2285.751822415145,527,2,134.574,25842.664389190162
2921,,,,1942.0,2287.751822415145,2287.751822415145,528,2,134.535,24010.529601964034
2922,,,,1945.0,2289.751822415145,2289.751822415145,529,2,134.508,16633.125888058898
2923,,,,1947.0,2291.751822415145,2291.751822415145,530,2,134.497,6781.419688873984
2927,,,,1962.0,2299.751822415145,2299.751822415145,534,2,134.478,11752.939182251535
2928,,,,1964.0,2301.751822415145,2301.751822415145,535,2,134.437,25377.99924431355
2929,,,,1966.0,2303.751822415145,2303.751822415145,536,2,134.398,24153.83572598976
2930,,,,1966.0,2305.751822415145,2305.751822415145,537,2,134.357,25406.9755723585
2931,,,,1969.0,2307.751822415145,2307.751822415145,538,2,134.322,21701.55581631164
2932,,,,1970.0,2309.751822415145,2309.751822415145,539,2,134.289,20474.01664344449
2933,,,,1967.0,2311.751822415145,2311.751822415145,540,2,134.252,22969.605407284027
2934,,,,1966.0,2313.751822415145,2313.751822415145,541,2,134.213,24225.29393719234
2935,,,,1966.0,2315.751822415145,2315.751822415145,542,2,134.173,24860.614744423496
2936,,,,1961.0,2317.751822415145,2317.751822415145,543,2,134.133,24874.668818591766
2937,,,,1958.0,2319.751822415145,2319.751822415145,544,2,134.093,24888.71009277772
2938,,,,1955.0,2321.751822415145,2321.751822415145,545,2,134.049,27392.60379529508
2939,,,,1955.0,2323.751822415145,2323.751822415145,546,2,134.007,26161.615977392183
2940,,,,1951.0,2325.751822415145,2325.751822415145,547,2,133.968,24306.49043986602
2941,,,,1943.0,2327.751822415145,2327.751822415145,548,2,133.925,26814.302015363446
2942,,,,1937.0,2329.751822415145,2329.751822415145,549,2,133.881,27452.546728370206
2943,,,,1931.0,2331.751822415145,2331.751822415145,550,2,133.84,25594.61611559902
2944,,,,1923.0,2333.751822415145,2333.751822415145,551,2,133.801,24359.69918862726
2945,,,,1913.0,2335.751822415145,2335.751822415145,552,2,133.757,27497.75978846626
2946,,,,1907.0,2337.751822415145,2337.751822415145,553,2,133.712,28137.42639853999
2947,,,,1905.0,2339.751822415145,2339.751822415145,554,2,133.667,28152.02261364143
2948,,,,1903.0,2341.751822415145,2341.751822415145,555,2,133.62,29418.23150981836
2949,,,,1901.0,2343.751822415145,2343.751822415145,556,2,133.575,28180.744568569626
2950,,,,1896.0,2345.751822415145,2345.751822415145,557,2,133.529,28821.745959616397
2951,,,,1897.0,2347.751822415145,2347.751822415145,558,2,133.485,27582.834624844898
2952,,,,1902.0,2349.751822415145,2349.751822415145,559,2,133.446,24461.642544664628
2953,,,,1906.0,2351.751822415145,2351.751822415145,560,2,133.409,23220.33910511581
2954,,,,1909.0,2353.751822415145,2353.751822415145,561,2,133.371,23861.488624977675
2955,,,,1909.0,2355.751822415145,2355.751822415145,562,2,133.332,24503.157053459727
2956,,,,1909.0,2357.751822415145,2357.751822415145,563,2,133.292,25145.32887597962
2957,,,,1912.0,2359.751822415145,2359.751822415145,564,2,133.248,27674.603032854448
2958,,,,1914.0,2361.751822415145,2361.751822415145,565,2,133.206,26430.525243772812
2959,,,,1915.0,2363.751822415145,2363.751822415145,566,2,133.163,27074.0989949368
2960,,,,1918.0,2365.751822415145,2365.751822415145,567,2,133.122,25828.533185302487
2961,,,,1918.0,2367.751822415145,2367.751822415145,568,2,133.081,25842.40817369344
2962,,,,1919.0,2369.751822415145,2369.751822415145,569,2,133.04,25856.26971404856
2963,,,,1920.0,2371.751822415145,2371.751822415145,570,2,132.995,28393.604823421698
2964,,,,1923.0,2373.751822415145,2373.751822415145,571,2,132.948,29670.286002700028
2965,,,,1925.0,2375.751822415145,2375.751822415145,572,2,132.905,27158.832217518964
2966,,,,1924.0,2377.751822415145,2377.751822415145,573,2,132.863,26541.07454626539
2967,,,,1925.0,2379.751822415145,2379.751822415145,574,2,132.819,27819.31784205467
2968,,,,1926.0,2381.751822415145,2381.751822415145,575,2,132.777,26568.517795100262
2969,,,,1931.0,2383.751822415145,2383.751822415145,576,2,132.737,25316.779255064353
2970,,,,1935.0,2385.751822415145,2385.751822415145,577,2,132.699,24064.0479879032
2971,,,,1938.0,2387.751822415145,2387.751822415145,578,2,132.66,24710.8459979361
2972,,,,1938.0,2389.751822415145,2389.751822415145,579,2,132.621,24724.274374874298
2973,,,,1938.0,2391.751822415145,2391.751822415145,580,2,132.578,27274.478236769024
2974,,,,1939.0,2393.751822415145,2393.751822415145,581,2,132.533,28557.447272663667
2975,,,,1940.0,2395.751822415145,2395.751822415145,582,2,132.488,28571.604467764842
2976,,,,1941.0,2397.751822415145,2397.751822415145,583,2,132.443,28585.74546288406
2977,,,,1943.0,2399.751822415145,2399.751822415145,584,2,132.398,28599.87025802134
2978,,,,1945.0,2401.751822415145,2401.751822415145,585,2,132.352,29249.734569277927
2979,,,,1946.0,2403.751822415145,2403.751822415145,586,2,132.307,28627.854910595768
2980,,,,1950.0,2405.751822415145,2405.751822415145,587,2,132.262,28641.9309256969
2981,,,,1954.0,2407.751822415145,2407.751822415145,588,2,132.217,28655.99074081612
2982,,,,1956.0,2409.751822415145,2409.751822415145,589,2,132.174,27396.01784545105
2983,,,,1959.0,2411.751822415145,2411.751822415145,590,2,132.13,28047.168761558052
2984,,,,1962.0,2413.751822415145,2413.751822415145,591,2,132.083,29973.99668201943
2985,,,,1962.0,2415.751822415145,2415.751822415145,592,2,132.039,28074.340924964155
2986,,,,1960.0,2417.751822415145,2417.751822415145,593,2,131.991,30641.232656252014
2987,,,,1958.0,2419.751822415145,2419.751822415145,594,2,131.941,31932.496899690963
2988,,,,1956.0,2421.751822415145,2421.751822415145,595,2,131.889,33224.40073200017
2989,,,,1955.0,2423.751822415145,2423.751822415145,596,2,131.839,31960.561031102334
2990,,,,1954.0,2425.751822415145,2425.751822415145,597,2,131.788,32614.177460071856
2991,,,,1951.0,2427.751822415145,2427.751822415145,598,2,131.735,33907.72750540849
2992,,,,1948.0,2429.751822415145,2429.751822415145,599,2,131.682,33922.01059768835
2993,,,,1948.0,2431.751822415145,2431.751822415145,600,2,131.628,34576.44690744842
2994,,,,1947.0,2433.751822415145,2433.751822415145,601,2,131.576,33309.807162676894
2995,,,,1947.0,2435.751822415145,2435.751822415145,602,2,131.525,32683.285751683732
2996,,,,1944.0,2437.751822415145,2437.751822415145,603,2,131.474,32697.440868721744
2997,,,,1943.0,2439.751822415145,2439.751822415145,604,2,131.42,34635.3902425097
2998,,,,1938.0,2441.751822415145,2441.751822415145,605,2,131.369,32724.94150268545
2999,,,,1926.0,2443.751822415145,2443.751822415145,606,2,131.315,34664.46320084351
3000,,,,1919.0,2445.751822415145,2445.751822415145,607,2,131.257,37246.78495587631
3001,,,,1915.0,2447.751822415145,2447.751822415145,608,2,131.202,35333.89725576349
3002,,,,1911.0,2449.751822415145,2449.751822415145,609,2,131.149,34062.82653920734
3003,,,,1904.0,2451.751822415145,2451.751822415145,610,2,131.097,33434.02963789144
3004,,,,1900.0,2453.751822415145,2453.751822415145,611,2,131.046,32804.927063162424
3005,,,,1897.0,2455.751822415145,2455.751822415145,612,2,130.996,32175.505952454496
3006,,,,1891.0,2457.751822415145,2457.751822415145,613,2,130.946,32189.421393360713
3007,,,,1880.0,2459.751822415145,2459.751822415145,614,2,130.895,32847.2577235753
3008,,,,1872.0,2461.751822415145,2461.751822415145,615,2,130.841,34793.77004955044
3009,,,,1870.0,2463.751822415145,2463.751822415145,616,2,130.79,32874.28650557554
3010,,,,1863.0,2465.751822415145,2465.751822415145,617,2,130.742,30953.9042697553
3011,,,,1856.0,2467.751822415145,2467.751822415145,618,2,130.69,33547.76331075224
3012,,,,1853.0,2469.751822415145,2469.751822415145,619,2,130.64,32271.012187594828
3013,,,,1848.0,2471.751822415145,2471.751822415145,620,2,130.594,29702.458316527714
3014,,,,1839.0,2473.751822415145,2473.751822415145,621,2,130.548,29716.02292681525
3015,,,,1832.0,2475.751822415145,2475.751822415145,622,2,130.5,31021.922963416957
3016,,,,1824.0,2477.751822415145,2477.751822415145,623,2,130.45,32328.466902968954
3017,,,,1819.0,2479.751822415145,2479.751822415145,624,2,130.402,31048.714674271672
3018,,,,1817.0,2481.751822415145,2481.751822415145,625,2,130.356,29768.2855186241
3019,,,,1812.0,2483.751822415145,2483.751822415145,626,2,130.309,30429.07693312074
3020,,,,1809.0,2485.751822415145,2485.751822415145,627,2,130.263,29794.996898031513
3021,,,,1806.0,2487.751822415145,2487.751822415145,628,2,130.218,29160.543710463684
3022,,,,1800.0,2489.751822415145,2489.751822415145,629,2,130.171,30470.287402480368
3023,,,,1795.0,2491.751822415145,2491.751822415145,630,2,130.12,33077.60925401332
3024,,,,1799.0,2493.751822415145,2493.751822415145,631,2,130.073,30496.268092692284
3025,,,,1802.0,2495.751822415145,2495.751822415145,632,2,130.026,30509.700003140853
3026,,,,1800.0,2497.751822415145,2497.751822415145,633,2,129.982,28575.160057077985
3027,,,,1797.0,2499.751822415145,2499.751822415145,634,2,129.936,29887.60273220596
3028,,,,1793.0,2501.751822415145,2501.751822415145,635,2,129.889,30550.830361171786
3029,,,,1789.0,2503.751822415145,2503.751822415145,636,2,129.841,31214.374120123695
3030,,,,1783.0,2505.751822415145,2505.751822415145,637,2,129.793,31227.761695726003
3031,,,,1780.0,2507.751822415145,2507.751822415145,638,2,129.745,31241.130839328314
3032,,,,1775.0,2509.751822415145,2509.751822415145,639,2,129.698,30603.46447695214
3033,,,,1771.0,2511.751822415145,2511.751822415145,640,2,129.653,29314.14061029393
3034,,,,1767.0,2513.751822415145,2513.751822415145,641,2,129.604,31933.680054956054
3035,,,,1767.0,2515.751822415145,2515.751822415145,642,2,129.555,31947.006600723344
3036,,,,1766.0,2517.751822415145,2517.751822415145,643,2,129.511,28699.611319542553
3037,,,,1762.0,2519.751822415145,2519.751822415145,644,2,129.466,29365.099547104153
3038,,,,1761.0,2521.751822415145,2521.751822415145,645,2,129.422,28725.456575269403
3039,,,,1757.0,2523.751822415145,2523.751822415145,646,2,129.376,30044.528510315107
3040,,,,1753.0,2525.751822415145,2525.751822415145,647,2,129.331,29404.33545248037
3041,,,,1749.0,2527.751822415145,2527.751822415145,648,2,129.286,29417.38168758101
3042,,,,1746.0,2529.751822415145,2529.751822415145,649,2,129.24,30084.30450351304
3043,,,,1744.0,2531.751822415145,2531.751822415145,650,2,129.196,28789.01581502523
3044,,,,1742.0,2533.751822415145,2533.751822415145,651,2,129.149,30765.359384404575
3045,,,,1742.0,2535.751822415145,2535.751822415145,652,2,129.103,30123.697063543314
3046,,,,1740.0,2537.751822415145,2537.751822415145,653,2,129.058,29481.684670203656
3047,,,,1737.0,2539.751822415145,2539.751822415145,654,2,129.01,31460.57631873871
3048,,,,1734.0,2541.751822415145,2541.751822415145,655,2,128.959,33440.351969699186
3049,,,,1737.0,2543.751822415145,2543.751822415145,656,2,128.909,32797.609747134884
3050,,,,1738.0,2545.751822415145,2545.751822415145,657,2,128.862,30842.386671739452
3051,,,,1737.0,2547.751822415145,2547.751822415145,658,2,128.817,29542.596383156837
3052,,,,1734.0,2549.751822415145,2549.751822415145,659,2,128.77,30868.797365979208
3053,,,,1732.0,2551.751822415145,2551.751822415145,660,2,128.722,31538.672652352583
3054,,,,1730.0,2553.751822415145,2553.751822415145,661,2,128.675,30894.41871820504
3055,,,,1727.0,2555.751822415145,2555.751822415145,662,2,128.627,31564.802659732155
3056,,,,1724.0,2557.751822415145,2557.751822415145,663,2,128.579,31577.717531334467
3057,,,,1721.0,2559.751822415145,2559.751822415145,664,2,128.532,30932.59648820813
3058,,,,1719.0,2561.751822415145,2561.751822415145,665,2,128.485,30945.4471026567
3059,,,,1716.0,2563.751822415145,2563.751822415145,666,2,128.439,30299.71116823431
3060,,,,1713.0,2565.751822415145,2565.751822415145,667,2,128.39,32289.014265158246
3061,,,,1711.0,2567.751822415145,2567.751822415145,668,2,128.342,31642.75492185214
3062,,,,1707.0,2569.751822415145,2569.751822415145,669,2,128.292,32974.28445969192
3063,,,,1702.0,2571.751822415145,2571.751822415145,670,2,128.24,34306.305202400756
3064,,,,1694.0,2573.751822415145,2573.751822415145,671,2,128.191,32339.497925117517
3065,,,,1689.0,2575.751822415145,2575.751822415145,672,2,128.138,34992.71411105434
3066,,,,1685.0,2577.751822415145,2577.751822415145,673,2,128.088,33024.35192251465
3067,,,,1680.0,2579.751822415145,2579.751822415145,674,2,128.037,33697.68571131192
3068,,,,1674.0,2581.751822415145,2581.751822415145,675,2,127.986,33710.38018834111
3069,,,,1670.0,2583.751822415145,2583.751822415145,676,2,127.936,33061.94669480456
3070,,,,1666.0,2585.751822415145,2585.751822415145,677,2,127.886,33074.61013570188
3071,,,,1660.0,2587.751822415145,2587.751822415145,678,2,127.836,33087.253576580406
3072,,,,1656.0,2589.751822415145,2589.751822415145,679,2,127.786,33099.87701746833
3073,,,,1653.0,2591.751822415145,2591.751822415145,680,2,127.738,31788.230048199963
3074,,,,1650.0,2593.751822415145,2593.751822415145,681,2,127.689,32463.198090461996
3075,,,,1647.0,2595.751822415145,2595.751822415145,682,2,127.642,31150.467702744863
3076,,,,1644.0,2597.751822415145,2597.751822415145,683,2,127.593,32488.822133307294
3077,,,,1641.0,2599.751822415145,2599.751822415145,684,2,127.544,32501.351155065484
3078,,,,1638.0,2601.751822415145,2601.751822415145,685,2,127.494,33177.2790642538
3079,,,,1635.0,2603.751822415145,2603.751822415145,686,2,127.444,33189.76410514172
3080,,,,1635.0,2605.751822415145,2605.751822415145,687,2,127.396,31874.390132366436
3081,,,,1633.0,2607.751822415145,2607.751822415145,688,2,127.348,31886.838251968744
3082,,,,1631.0,2609.751822415145,2609.751822415145,689,2,127.301,31234.822515829164
3083,,,,1628.0,2611.751822415145,2611.751822415145,690,2,127.254,31247.220802277734
3084,,,,1624.0,2613.751822415145,2613.751822415145,691,2,127.204,33254.50306141321
3085,,,,1621.0,2615.751822415145,2615.751822415145,692,2,127.151,35262.46640388961
3086,,,,1620.0,2617.751822415145,2617.751822415145,693,2,127.103,31947.545849105543
3087,,,,1619.0,2619.751822415145,2619.751822415145,694,2,127.055,31959.882416698394
3088,,,,1618.0,2621.751822415145,2621.751822415145,695,2,127.009,30640.26673046806
3089,,,,1615.0,2623.751822415145,2623.751822415145,696,2,126.961,31985.00401626238
3090,,,,1613.0,2625.751822415145,2625.751822415145,697,2,126.913,31997.28567186469
3091,,,,1610.0,2627.751822415145,2627.751822415145,698,2,126.867,30676.059444650557
3092,,,,1607.0,2629.751822415145,2629.751822415145,699,2,126.82,31355.29097693996
3093,,,,1604.0,2631.751822415145,2631.751822415145,700,2,126.773,31367.510475379047
3094,,,,1602.0,2633.751822415145,2633.751822415145,701,2,126.724,32714.761100606742
3095,,,,1600.0,2635.751822415145,2635.751822415145,702,2,126.678,30723.620031971885
3096,,,,1598.0,2637.751822415145,2637.751822415145,703,2,126.629,32739.889043140054
3097,,,,1594.0,2639.751822415145,2639.751822415145,704,2,126.58,32752.037040898314
3098,,,,1592.0,2641.751822415145,2641.751822415145,705,2,126.53,33432.69018857297
3099,,,,1590.0,2643.751822415145,2643.751822415145,706,2,126.483,31438.468252700008
3100,,,,1588.0,2645.751822415145,2645.751822415145,707,2,126.435,32119.59645223771
3101,,,,1585.0,2647.751822415145,2647.751822415145,708,2,126.389,30793.09951051752
3102,,,,1581.0,2649.751822415145,2649.751822415145,709,2,126.341,32144.245347792235
3103,,,,1578.0,2651.751822415145,2651.751822415145,710,2,126.292,32826.080889452955
3104,,,,1575.0,2653.751822415145,2653.751822415145,711,2,126.245,31498.014626928933
3105,,,,1571.0,2655.751822415145,2655.751822415145,712,2,126.198,31510.019993387028
3106,,,,1568.0,2657.751822415145,2657.751822415145,713,2,126.151,31522.00768782607
3107,,,,1564.0,2659.751822415145,2659.751822415145,714,2,126.104,31533.977710274638
3108,,,,1561.0,2661.751822415145,2661.751822415145,715,2,126.057,31545.930060723207
3109,,,,1558.0,2663.751822415145,2663.751822415145,716,2,126.008,32900.49155274103
3110,,,,1556.0,2665.751822415145,2665.751822415145,717,2,125.962,30897.716387916236
3111,,,,1553.0,2667.751822415145,2667.751822415145,718,2,125.916,30909.60770221332
3112,,,,1550.0,2669.751822415145,2669.751822415145,719,2,125.87,30921.48208849131
3113,,,,1545.0,2671.751822415145,2671.751822415145,720,2,125.823,31605.67787764692
3114,,,,1540.0,2673.751822415145,2673.751822415145,721,2,125.773,33635.26317561613
3115,,,,1538.0,2675.751822415145,2675.751822415145,722,2,125.723,33647.04401650405
3116,,,,1536.0,2677.751822415145,2677.751822415145,723,2,125.673,33658.80485739197
3117,,,,1535.0,2679.751822415145,2679.751822415145,724,2,125.624,32997.266092159916
3118,,,,1536.0,2681.751822415145,2681.751822415145,725,2,125.579,30314.884637077972
3119,,,,1536.0,2683.751822415145,2683.751822415145,726,2,125.536,28979.004572083217
3120,,,,1534.0,2685.751822415145,2685.751822415145,727,2,125.494,28316.579759197775
3121,,,,1530.0,2687.751822415145,2687.751822415145,728,2,125.454,26979.43777326165
3122,,,,1529.0,2689.751822415145,2689.751822415145,729,2,125.412,28340.22578863539
3123,,,,1527.0,2691.751822415145,2691.751822415145,730,2,125.372,27001.93156130661
3124,,,,1522.0,2693.751822415145,2693.751822415145,731,2,125.33,28363.816714092183
3125,,,,1520.0,2695.751822415145,2695.751822415145,732,2,125.288,28375.365069662705
3126,,,,1516.0,2697.751822415145,2697.751822415145,733,2,125.247,27711.13136597776
3127,,,,1510.0,2699.751822415145,2699.751822415145,734,2,125.207,27046.545717250734
3128,,,,1504.0,2701.751822415145,2701.751822415145,735,2,125.164,29086.93313778049
3129,,,,1500.0,2703.751822415145,2703.751822415145,736,2,125.122,28421.87160225095
3130,,,,1499.0,2705.751822415145,2705.751822415145,737,2,125.077,30463.93800974126
3131,,,,1497.0,2707.751822415145,2707.751822415145,738,2,125.036,27767.00119394633
3132,,,,1493.0,2709.751822415145,2709.751822415145,739,2,124.993,29133.21115148967
3133,,,,1491.0,2711.751822415145,2711.751822415145,740,2,124.95,29144.68558724075
3134,,,,1488.0,2713.751822415145,2713.751822415145,741,2,124.906,29834.07571501769
3135,,,,1486.0,2715.751822415145,2715.751822415145,742,2,124.86,31201.913605162088
3136,,,,1482.0,2717.751822415145,2717.751822415145,743,2,124.813,31891.81478561725
3137,,,,1476.0,2719.751822415145,2719.751822415145,744,2,124.766,31903.26818406582
3138,,,,1474.0,2721.751822415145,2721.751822415145,745,2,124.719,31914.703910524036
3139,,,,1470.0,2723.751822415145,2723.751822415145,746,2,124.675,29888.643927971632
3140,,,,1465.0,2725.751822415145,2725.751822415145,747,2,124.63,30579.460113925506
3141,,,,1459.0,2727.751822415145,2727.751822415145,748,2,124.586,29911.173519698474
3142,,,,1454.0,2729.751822415145,2729.751822415145,749,2,124.54,31282.39901550053
3143,,,,1454.0,2731.751822415145,2731.751822415145,750,2,124.496,29933.400061274613
3144,,,,1453.0,2733.751822415145,2733.751822415145,751,2,124.453,29264.285644847063
3145,,,,1449.0,2735.751822415145,2735.751822415145,752,2,124.407,31317.68313221113
3146,,,,1447.0,2737.751822415145,2737.751822415145,753,2,124.362,30648.050239968856
3147,,,,1445.0,2739.751822415145,2739.751822415145,754,2,124.316,31340.53616994419
3148,,,,1444.0,2741.751822415145,2741.751822415145,755,2,124.269,32033.24370842622
3149,,,,1442.0,2743.751822415145,2743.751822415145,756,2,124.223,31362.817381361292
3150,,,,1439.0,2745.751822415145,2745.751822415145,757,2,124.176,32055.974325994666
3151,,,,1435.0,2747.751822415145,2747.751822415145,758,2,124.127,33431.47601730074
3152,,,,1433.0,2749.751822415145,2749.751822415145,759,2,124.077,34124.97006653449
3153,,,,1432.0,2751.751822415145,2751.751822415145,760,2,124.027,34136.031707422415
3154,,,,1428.0,2753.751822415145,2753.751822415145,761,2,123.979,32781.45477455598
3155,,,,1422.0,2755.751822415145,2755.751822415145,762,2,123.931,32792.5648461583
3156,,,,1418.0,2757.751822415145,2757.751822415145,763,2,123.882,33486.93086603485
3157,,,,1415.0,2759.751822415145,2759.751822415145,764,2,123.833,33497.964211793325
3158,,,,1412.0,2761.751822415145,2761.751822415145,765,2,123.788,30774.048660822893
3159,,,,1408.0,2763.751822415145,2763.751822415145,766,2,123.739,33521.056669995516
3160,,,,1404.0,2765.751822415145,2765.751822415145,767,2,123.69,33532.033175754
3161,,,,1403.0,2767.751822415145,2767.751822415145,768,2,123.642,32858.57249959721
3162,,,,1400.0,2769.751822415145,2769.751822415145,769,2,123.594,32869.553355199525
3163,,,,1398.0,2771.751822415145,2771.751822415145,770,2,123.546,32880.5157787921
3164,,,,1398.0,2773.751822415145,2773.751822415145,771,2,123.499,32206.351391529537
3165,,,,1394.0,2775.751822415145,2775.751822415145,772,2,123.452,32217.310349968368
3166,,,,1390.0,2777.751822415145,2777.751822415145,773,2,123.405,32228.25163641694
3167,,,,1385.0,2779.751822415145,2779.751822415145,774,2,123.356,33610.78263310272
3168,,,,1381.0,2781.751822415145,2781.751822415145,775,2,123.307,33621.60723884173
3169,,,,1379.0,2783.751822415145,2783.751822415145,776,2,123.26,32259.92277307742
3170,,,,1375.0,2785.751822415145,2785.751822415145,777,2,123.213,32270.792619535743
3171,,,,1370.0,2787.751822415145,2787.751822415145,778,2,123.166,32281.644793974556
3172,,,,1365.0,2789.751822415145,2789.751822415145,779,2,123.117,33666.35395590836
3173,,,,1361.0,2791.751822415145,2791.751822415145,780,2,123.066,35051.37378378034
3174,,,,1358.0,2793.751822415145,2793.751822415145,781,2,123.017,33687.24665605845
3175,,,,1355.0,2795.751822415145,2795.751822415145,782,2,122.969,33010.35877385462
3176,,,,1350.0,2797.751822415145,2797.751822415145,783,2,122.92,33708.8834952248
3177,,,,1347.0,2799.751822415145,2799.751822415145,784,2,122.871,33719.53620898334
3178,,,,1343.0,2801.751822415145,2801.751822415145,785,2,122.825,31665.443924959804
3179,,,,1337.0,2803.751822415145,2803.751822415145,786,2,122.776,33741.608315516656
3180,,,,1332.0,2805.751822415145,2805.751822415145,787,2,122.727,33752.203993255636
3181,,,,1330.0,2807.751822415145,2807.751822415145,788,2,122.68,32384.97171971934
3182,,,,1326.0,2809.751822415145,2809.751822415145,789,2,122.632,33084.76027489585
3183,,,,1323.0,2811.751822415145,2811.751822415145,790,2,122.586,31716.63928589833
3184,,,,1318.0,2813.751822415145,2813.751822415145,791,2,122.538,33106.468882450376
3185,,,,1316.0,2815.751822415145,2815.751822415145,792,2,122.488,34496.6203019527
3186,,,,1313.0,2817.751822415145,2817.751822415145,793,2,122.439,33817.03152982958
3187,,,,1308.0,2819.751822415145,2819.751822415145,794,2,122.391,33137.272256722645
3188,,,,1304.0,2821.751822415145,2821.751822415145,795,2,122.342,33838.21364900571
3189,,,,1299.0,2823.751822415145,2823.751822415145,796,2,122.294,33157.984839762124
3190,,,,1295.0,2825.751822415145,2825.751822415145,797,2,122.247,32477.57229104339
3191,,,,1292.0,2827.751822415145,2827.751822415145,798,2,122.197,34561.34832392042
3192,,,,1287.0,2829.751822415145,2829.751822415145,799,2,122.149,33189.04986239411
3193,,,,1283.0,2831.751822415145,2831.751822415145,800,2,122.102,32507.93607570387
3194,,,,1279.0,2833.751822415145,2833.751822415145,801,2,122.054,33210.12047777368
3195,,,,1276.0,2835.751822415145,2835.751822415145,802,2,122.007,32528.531999929703
3196,,,,1274.0,2837.751822415145,2837.751822415145,803,2,121.963,30462.35773305112
3197,,,,1270.0,2839.751822415145,2839.751822415145,804,2,121.918,31165.268139100597
3198,,,,1267.0,2841.751822415145,2841.751822415145,805,2,121.874,30483.039852777973
3199,,,,1265.0,2843.751822415145,2843.751822415145,806,2,121.828,31879.28830480056
3200,,,,1262.0,2845.751822415145,2845.751822415145,807,2,121.783,31196.540124468098
3201,,,,1257.0,2847.751822415145,2847.751822415145,808,2,121.737,31900.288094553154
3202,,,,1253.0,2849.751822415145,2849.751822415145,809,2,121.691,31910.631784830835
3203,,,,1248.0,2851.751822415145,2851.751822415145,810,2,121.644,32614.758396245248
3204,,,,1243.0,2853.751822415145,2853.751822415145,811,2,121.6,30542.952364835914
3205,,,,1238.0,2855.751822415145,2855.751822415145,812,2,121.553,32636.077275156305
3206,,,,1232.0,2857.751822415145,2857.751822415145,813,2,121.508,31257.360706863325
3207,,,,1224.0,2859.751822415145,2859.751822415145,814,2,121.461,32657.058905396058
3208,,,,1219.0,2861.751822415145,2861.751822415145,815,2,121.412,34057.07026790095
3209,,,,1215.0,2863.751822415145,2863.751822415145,816,2,121.362,34762.224246758626
3210,,,,1211.0,2865.751822415145,2865.751822415145,817,2,121.314,33381.561084309316
3211,,,,1208.0,2867.751822415145,2867.751822415145,818,2,121.266,33391.64337990174
3212,,,,1203.0,2869.751822415145,2869.751822415145,819,2,121.219,32705.973220949643
3213,,,,1196.0,2871.751822415145,2871.751822415145,820,2,121.172,32716.079411388324
3214,,,,1191.0,2873.751822415145,2873.751822415145,821,2,121.125,32726.167929836894
3215,,,,1187.0,2875.751822415145,2875.751822415145,822,2,121.079,32039.85534223145
3216,,,,1181.0,2877.751822415145,2877.751822415145,823,2,121.034,31353.350714109198
3217,,,,1174.0,2879.751822415145,2879.751822415145,824,2,120.985,34150.77815915005
3218,,,,1169.0,2881.751822415145,2881.751822415145,825,2,120.936,34160.65784888891
3219,,,,1163.0,2883.751822415145,2883.751822415145,826,2,120.889,32776.07436941834
3220,,,,1158.0,2885.751822415145,2885.751822415145,827,2,120.84,34180.925211743626
3221,,,,1153.0,2887.751822415145,2887.751822415145,828,2,120.795,31400.18602241895
3222,,,,1149.0,2889.751822415145,2889.751822415145,829,2,120.747,33503.828865111616
3223,,,,1143.0,2891.751822415145,2891.751822415145,830,2,120.7,32815.625706531406
3224,,,,1137.0,2893.751822415145,2893.751822415145,831,2,120.652,33523.81391249119
3225,,,,1132.0,2895.751822415145,2895.751822415145,832,2,120.608,30739.67972573648
3226,,,,1127.0,2897.751822415145,2897.751822415145,833,2,120.564,30749.69051069002
3227,,,,1120.0,2899.751822415145,2899.751822415145,834,2,120.518,32157.58656716304
3228,,,,1113.0,2901.751822415145,2901.751822415145,835,2,120.473,31468.32330460536
3229,,,,1108.0,2903.751822415145,2903.751822415145,836,2,120.426,32877.01278259327
3230,,,,1103.0,2905.751822415145,2905.751822415145,837,2,120.379,32886.81967704184
3231,,,,1098.0,2907.751822415145,2907.751822415145,838,2,120.333,32196.81480715548
3232,,,,1094.0,2909.751822415145,2909.751822415145,839,2,120.288,31506.63269676215
3233,,,,1090.0,2911.751822415145,2911.751822415145,840,2,120.241,32916.95544240147
3234,,,,1084.0,2913.751822415145,2913.751822415145,841,2,120.194,32926.692212850045
3235,,,,1078.0,2915.751822415145,2915.751822415145,842,2,120.146,33637.04606396556
3236,,,,1073.0,2917.751822415145,2917.751822415145,843,2,120.1,32244.997399090193
3237,,,,1067.0,2919.751822415145,2919.751822415145,844,2,120.052,33656.84350351012
3238,,,,1064.0,2921.751822415145,2921.751822415145,845,2,120.004,33666.434663122396
3239,,,,1061.0,2923.751822415145,2923.751822415145,846,2,119.958,32273.109401282167
3240,,,,1057.0,2925.751822415145,2925.751822415145,847,2,119.914,30879.461410437932
3241,,,,1051.0,2927.751822415145,2927.751822415145,848,2,119.868,32293.02062419257
3242,,,,1043.0,2929.751822415145,2929.751822415145,849,2,119.821,33004.776374452515
3243,,,,1036.0,2931.751822415145,2931.751822415145,850,2,119.771,35121.21413180247
3244,,,,1029.0,2933.751822415145,2933.751822415145,851,2,119.722,34428.03823508248
3245,,,,1024.0,2935.751822415145,2935.751822415145,852,2,119.674,33734.7476773783
3246,,,,1018.0,2937.751822415145,2937.751822415145,853,2,119.625,34447.0525942586
3247,,,,1014.0,2939.751822415145,2939.751822415145,854,2,119.577,33753.33674041796
3248,,,,1009.0,2941.751822415145,2941.751822415145,855,2,119.53,33059.49229110217
3249,,,,1003.0,2943.751822415145,2943.751822415145,856,2,119.482,33772.416507797534
3250,,,,997.0,2945.751822415145,2945.751822415145,857,2,119.433,34485.43053595805
3251,,,,992.0,2947.751822415145,2947.751822415145,858,2,119.383,35198.51496110277
3252,,,,986.0,2949.751822415145,2949.751822415145,859,2,119.336,33095.60484886861
3253,,,,982.0,2951.751822415145,2951.751822415145,860,2,119.286,35217.64616841533
3254,,,,979.0,2953.751822415145,2953.751822415145,861,2,119.238,33817.95358510928
3255,,,,973.0,2955.751822415145,2955.751822415145,862,2,119.189,34531.82094839046
3256,,,,969.0,2957.751822415145,2957.751822415145,863,2,119.141,33836.207608128934
3257,,,,964.0,2959.751822415145,2959.751822415145,864,2,119.096,31730.507771253462
3258,,,,958.0,2961.751822415145,2961.751822415145,865,2,119.047,34560.70274802973
3259,,,,954.0,2963.751822415145,2963.751822415145,866,2,119.0,33159.07481330944
3260,,,,951.0,2965.751822415145,2965.751822415145,867,2,118.952,33873.91572707306
3261,,,,946.0,2967.751822415145,2967.751822415145,868,2,118.904,33883.08371867536
3262,,,,942.0,2969.751822415145,2969.751822415145,869,2,118.857,33186.28466331254
3263,,,,938.0,2971.751822415145,2971.751822415145,870,2,118.809,33901.64969405494
3264,,,,933.0,2973.751822415145,2973.751822415145,871,2,118.763,32498.087725915837
3265,,,,929.0,2975.751822415145,2975.751822415145,872,2,118.715,33920.42838160947
3266,,,,926.0,2977.751822415145,2977.751822415145,873,2,118.671,31102.57014109486
3267,,,,920.0,2979.751822415145,2979.751822415145,874,2,118.626,31818.877569165306
3268,,,,915.0,2981.751822415145,2981.751822415145,875,2,118.579,33242.46272869923
3269,,,,912.0,2983.751822415145,2983.751822415145,876,2,118.534,31836.885564065655
3270,,,,909.0,2985.751822415145,2985.751822415145,877,2,118.489,31846.133439194928
3271,,,,905.0,2987.751822415145,2987.751822415145,878,2,118.445,31147.599572860723
3272,,,,901.0,2989.751822415145,2989.751822415145,879,2,118.401,31156.87344579427
3273,,,,898.0,2991.751822415145,2991.751822415145,880,2,118.356,31874.318379880617
3274,,,,894.0,2993.751822415145,2993.751822415145,881,2,118.311,31883.50181498977
3275,,,,890.0,2995.751822415145,2995.751822415145,882,2,118.264,33309.83940723754
3276,,,,887.0,2997.751822415145,2997.751822415145,883,2,118.218,32610.05993753992
3277,,,,883.0,2999.751822415145,2999.751822415145,884,2,118.17,34037.05602226071
3278,,,,881.0,3001.751822415145,3001.751822415145,885,2,118.123,33336.76833857317
3279,,,,879.0,3003.751822415145,3003.751822415145,886,2,118.077,32636.36430090963
3280,,,,876.0,3005.751822415145,3005.751822415145,887,2,118.03,33354.91514014162
3281,,,,872.0,3007.751822415145,3007.751822415145,888,2,117.985,31944.35458653018
3282,,,,868.0,3009.751822415145,3009.751822415145,889,2,117.938,33373.274922381366
3283,,,,865.0,3011.751822415145,3011.751822415145,890,2,117.893,31961.899981440583
3284,,,,860.0,3013.751822415145,3013.751822415145,891,2,117.849,31260.586813268626
3285,,,,856.0,3015.751822415145,3015.751822415145,892,2,117.803,32690.725628970198
3286,,,,855.0,3017.751822415145,3017.751822415145,893,2,117.755,34121.068021655694
3287,,,,855.0,3019.751822415145,3019.751822415145,894,2,117.707,34129.766573258006
3288,,,,856.0,3021.751822415145,3021.751822415145,895,2,117.654,37693.73412579696
3289,,,,857.0,3023.751822415145,3023.751822415145,896,2,117.607,33434.43124217874
3290,,,,854.0,3025.751822415145,3025.751822415145,897,2,117.559,34154.589747365135
3291,,,,854.0,3027.751822415145,3027.751822415145,898,2,117.514,32028.421686778005
3292,,,,853.0,3029.751822415145,3029.751822415145,899,2,117.47,31325.500898487433
3293,,,,852.0,3031.751822415145,3031.751822415145,900,2,117.426,31334.44054743104
3294,,,,851.0,3033.751822415145,3033.751822415145,901,2,117.383,30631.145961792077
3295,,,,850.0,3035.751822415145,3035.751822415145,902,2,117.339,31352.540527478628
3296,,,,850.0,3037.751822415145,3037.751822415145,903,2,117.295,31361.433888422238
3297,,,,851.0,3039.751822415145,3039.751822415145,904,2,117.251,31370.311761365847
3298,,,,849.0,3041.751822415145,3041.751822415145,905,2,117.208,30666.141892864736
3299,,,,852.0,3043.751822415145,3043.751822415145,906,2,117.168,28535.295085209204
3300,,,,854.0,3045.751822415145,3045.751822415145,907,2,117.135,23549.75004516297
3301,,,,855.0,3047.751822415145,3047.751822415145,908,2,117.108,19275.692313726482
3302,,,,856.0,3049.751822415145,3049.751822415145,909,2,117.088,14284.793556054054
3303,,,,861.0,3051.751822415145,3051.751822415145,910,2,117.071,12148.117634740509
3304,,,,863.0,3053.751822415145,3053.751822415145,911,2,117.05,15013.896038729348
3305,,,,865.0,3055.751822415145,3055.751822415145,912,2,117.018,22888.11896220766
3306,,,,866.0,3057.751822415145,3057.751822415145,913,2,116.977,29335.444145125028
3307,,,,865.0,3059.751822415145,3059.751822415145,914,2,116.931,32922.219746768795
3308,,,,866.0,3061.751822415145,3061.751822415145,915,2,116.897,24341.39237447155
3309,,,,869.0,3063.751822415145,3063.751822415145,916,2,116.883,10027.414614626141
3310,,,,871.0,3065.751822415145,3065.751822415145,917,2,116.882,716.6654747601139
3314,,,,879.0,3073.751822415145,3073.751822415145,921,2,116.85,22989.89315062325
3315,,,,880.0,3075.751822415145,3075.751822415145,922,2,116.804,33058.438950465505
3316,,,,882.0,3077.751822415145,3077.751822415145,923,2,116.766,27317.078740134835
3317,,,,883.0,3079.751822415145,3079.751822415145,924,2,116.741,17978.590219921418
3318,,,,881.0,3081.751822415145,3081.751822415145,925,2,116.73,7914.4964770388415
3319,,,,879.0,3083.751822415145,3083.751822415145,926,2,116.728,1439.853065921665
3325,,,,885.0,3095.751822415145,3095.751822415145,932,2,116.704,17343.54094584095
3326,,,,886.0,3097.751822415145,3097.751822415145,933,2,116.667,26748.241300301423
3327,,,,888.0,3099.751822415145,3099.751822415145,934,2,116.661,4339.55335932305
3331,,,,894.0,3107.751822415145,3107.751822415145,938,2,116.63,22475.326442498885
3332,,,,895.0,3109.751822415145,3109.751822415145,939,2,116.587,31185.620603026604
3333,,,,897.0,3111.751822415145,3111.751822415145,940,2,116.558,21039.19198046975
3334,,,,900.0,3113.751822415145,3113.751822415145,941,2,116.549,6532.536114609793
3340,,,,902.0,3125.751822415145,3125.751822415145,947,2,116.521,20398.531363012564
3341,,,,904.0,3127.751822415145,3127.751822415145,948,2,116.483,27693.590053938296
3342,,,,906.0,3129.751822415145,3129.751822415145,949,2,116.455,20413.06764027692
3343,,,,905.0,3131.751822415145,3131.751822415145,950,2,116.441,10211.214614061699
3350,,,,907.0,3145.751822415145,3145.751822415145,957,2,116.404,27101.48557434391
3351,,,,907.0,3147.751822415145,3147.751822415145,958,2,116.367,27110.097559843725
3352,,,,906.0,3149.751822415145,3149.751822415145,959,2,116.341,19057.283624362837
3353,,,,905.0,3151.751822415145,3151.751822415145,960,2,116.331,7333.244000243097
3359,,,,900.0,3163.751822415145,3163.751822415145,966,2,116.298,24287.35394898914
3360,,,,899.0,3165.751822415145,3165.751822415145,967,2,116.257,30184.668017529573
3361,,,,898.0,3167.751822415145,3167.751822415145,968,2,116.223,25038.924084956918
3362,,,,900.0,3169.751822415145,3169.751822415145,969,2,116.2,16944.634239884643
3363,,,,900.0,3171.751822415145,3171.751822415145,970,2,116.186,10318.990066049622
3364,,,,902.0,3173.751822415145,3173.751822415145,971,2,116.181,3687.3759486028266
3368,,,,900.0,3181.751822415145,3181.751822415145,975,2,116.158,17002.635843363725
3369,,,,900.0,3183.751822415145,3183.751822415145,976,2,116.115,31798.482243061524
3370,,,,903.0,3185.751822415145,3185.751822415145,977,2,116.077,28108.83131170582
3371,,,,908.0,3187.751822415145,3187.751822415145,978,2,116.052,18499.24106962882
3372,,,,911.0,3189.751822415145,3189.751822415145,979,2,116.044,5922.629111809362
3376,,,,911.0,3197.751822415145,3197.751822415145,983,2,116.017,20035.984112860744
3377,,,,912.0,3199.751822415145,3199.751822415145,984,2,115.976,30435.12100603746
3378,,,,917.0,3201.751822415145,3201.751822415145,985,2,115.941,25988.92370896433
3379,,,,920.0,3203.751822415145,3203.751822415145,986,2,115.918,17084.829957244252
3380,,,,923.0,3205.751822415145,3205.751822415145,987,2,115.904,10404.293185670367
3384,,,,929.0,3213.751822415145,3213.751822415145,991,2,115.9,2979.8421097655364
3385,,,,934.0,3215.751822415145,3215.751822415145,992,2,115.866,25340.26585371602
3386,,,,936.0,3217.751822415145,3217.751822415145,993,2,115.828,28330.28404821842
3387,,,,940.0,3219.751822415145,3219.751822415145,994,2,115.794,25356.02212479348
3388,,,,943.0,3221.751822415145,3221.751822415145,995,2,115.765,21634.743277149515
3389,,,,941.0,3223.751822415145,3223.751822415145,996,2,115.75,11195.203547497058
3394,,,,948.0,3233.751822415145,3233.751822415145,1001,2,115.727,17216.40092373249
3395,,,,951.0,3235.751822415145,3235.751822415145,1002,2,115.69,27705.895241054885
3396,,,,950.0,3237.751822415145,3237.751822415145,1003,2,115.662,20973.69006933658
3397,,,,953.0,3239.751822415145,3239.751822415145,1004,2,115.647,11240.756314365797
3398,,,,956.0,3241.751822415145,3241.751822415145,1005,2,115.644,2249.3640622747494
3401,,,,955.0,3247.751822415145,3247.751822415145,1008,2,115.622,16524.080605182724
3402,,,,955.0,3249.751822415145,3249.751822415145,1009,2,115.579,32307.87245705555
3403,,,,955.0,3251.751822415145,3251.751822415145,1010,2,115.549,22547.1268563252
3404,,,,955.0,3253.751822415145,3253.751822415145,1011,2,115.536,9774.612118480381
3405,,,,964.0,3255.751822415145,3255.751822415145,1012,2,115.534,1504.6131472074285
3409,,,,981.0,3263.751822415145,3263.751822415145,1016,2,115.503,23375.47032365962
3410,,,,985.0,3265.751822415145,3265.751822415145,1017,2,115.467,27154.465143237165
3411,,,,991.0,3267.751822415145,3267.751822415145,1018,2,115.446,15845.893907956915
3412,,,,998.0,3269.751822415145,3269.751822415145,1019,2,115.439,5284.556546632021
3416,,,,1023.0,3277.751822415145,3277.751822415145,1023,2,115.415,18160.370861073756
3417,,,,1030.0,3279.751822415145,3279.751822415145,1024,2,115.386,21952.130010599903
3421,,,,1063.0,3287.751822415145,3287.751822415145,1028,2,115.364,16690.272126483927
3422,,,,1069.0,3289.751822415145,3289.751822415145,1029,2,115.326,28838.688220700373
3423,,,,1074.0,3291.751822415145,3291.751822415145,1030,2,115.3,19738.252450701348
3424,,,,1080.0,3293.751822415145,3293.751822415145,1031,2,115.295,3797.613507445648
3428,,,,1107.0,3301.751822415145,3301.751822415145,1035,2,115.267,21315.23810303547
3429,,,,1115.0,3303.751822415145,3303.751822415145,1036,2,115.23,28175.68070100913
3430,,,,1119.0,3305.751822415145,3305.751822415145,1037,2,115.207,17520.653252151093
3434,,,,1149.0,3313.751822415145,3313.751822415145,1041,2,115.203,3054.086229603576
3435,,,,1155.0,3315.751822415145,3315.751822415145,1042,2,115.163,30553.459372904268
3436,,,,1159.0,3317.751822415145,3317.751822415145,1043,2,115.125,29033.46040385036
3437,,,,1162.0,3319.751822415145,3319.751822415145,1044,2,115.103,16814.596096566125
3442,,,,1197.0,3329.751822415145,3329.751822415145,1049,2,115.065,29123.288063540138
3443,,,,1204.0,3331.751822415145,3331.751822415145,1050,2,115.026,29897.638234282735
3444,,,,1214.0,3333.751822415145,3333.751822415145,1051,2,115.001,19171.323261360674
3445,,,,1222.0,3335.751822415145,3335.751822415145,1052,2,114.994,5370.443682778437
3449,,,,1246.0,3343.751822415145,3343.751822415145,1056,2,114.966,21530.016734316887
3450,,,,1257.0,3345.751822415145,3345.751822415145,1057,2,114.926,30766.46311834038
3451,,,,1263.0,3347.751822415145,3347.751822415145,1058,2,114.901,19235.09395225951
3452,,,,1267.0,3349.751822415145,3349.751822415145,1059,2,114.891,7697.461707757209
3456,,,,1292.0,3357.751822415145,3357.751822415145,1063,2,114.868,17743.89512223245
3457,,,,1298.0,3359.751822415145,3359.751822415145,1064,2,114.828,30868.862184052625
3458,,,,1306.0,3361.751822415145,3361.751822415145,1065,2,114.811,13123.818554705897
3463,,,,1342.0,3371.751822415145,3371.751822415145,1070,2,114.779,24771.856029073653
3464,,,,1350.0,3373.751822415145,3373.751822415145,1071,2,114.741,29425.053694664963
3465,,,,1356.0,3375.751822415145,3375.751822415145,1072,2,114.721,15492.135293497398
3469,,,,1384.0,3383.751822415145,3383.751822415145,1076,2,114.711,7763.409481207487
3470,,,,1394.0,3385.751822415145,3385.751822415145,1077,2,114.67,31841.71268987127
3471,,,,1400.0,3387.751822415145,3387.751822415145,1078,2,114.642,21751.86008525103
3472,,,,1407.0,3389.751822415145,3389.751822415145,1079,2,114.637,3885.994540454076
3478,,,,1451.0,3401.751822415145,3401.751822415145,1085,2,114.601,28073.18823360597
3479,,,,1460.0,3403.751822415145,3403.751822415145,1086,2,114.557,34319.86624532204
3480,,,,1467.0,3405.751822415145,3405.751822415145,1087,2,114.526,24186.1951867688
3481,,,,1472.0,3407.751822415145,3407.751822415145,1088,2,114.511,11707.518812257906
3482,,,,1479.0,3409.751822415145,3409.751822415145,1089,2,114.509,1561.802724735393
3486,,,,1508.0,3417.751822415145,3417.751822415145,1093,2,114.47,30521.14238724826
3487,,,,1514.0,3419.751822415145,3419.751822415145,1094,2,114.432,29745.945202867337
3488,,,,1520.0,3421.751822415145,3421.751822415145,1095,2,114.417,11745.967242118699
3492,,,,1546.0,3429.751822415145,3429.751822415145,1099,2,114.408,7063.316646877578
3493,,,,1552.0,3431.751822415145,3431.751822415145,1100,2,114.365,33758.96286578834
3494,,,,1558.0,3433.751822415145,3433.751822415145,1101,2,114.339,20418.13219663152
3495,,,,1565.0,3435.751822415145,3435.751822415145,1102,2,114.336,2357.0116439724393
3500,,,,1582.0,3445.751822415145,3445.751822415145,1107,2,114.334,1575.8801384596698
3501,,,,1588.0,3447.751822415145,3447.751822415145,1108,2,114.29,34682.50775650255
3502,,,,1593.0,3449.751822415145,3449.751822415145,1109,2,114.249,32324.51610146902
3503,,,,1601.0,3451.751822415145,3451.751822415145,1110,2,114.219,23658.445060907194
3504,,,,1606.0,3453.751822415145,3453.751822415145,1111,2,114.21,7100.433675382491
3509,,,,1631.0,3463.751822415145,3463.751822415145,1116,2,114.184,20568.60347694283
3510,,,,1637.0,3465.751822415145,3465.751822415145,1117,2,114.143,32444.313370617376
3511,,,,1642.0,3467.751822415145,3467.751822415145,1118,2,114.111,25328.903183150698
3512,,,,1644.0,3469.751822415145,3469.751822415145,1119,2,114.093,14252.602407884204
3513,,,,1646.0,3471.751822415145,3471.751822415145,1120,2,114.085,6337.4190986880885
3520,,,,1663.0,3485.751822415145,3485.751822415145,1127,2,114.084,795.3405075611364
3521,,,,1665.0,3487.751822415145,3487.751822415145,1128,2,114.047,29439.579506982293
3522,,,,1666.0,3489.751822415145,3489.751822415145,1129,2,114.009,30242.63598128029
3523,,,,1672.0,3491.751822415145,3491.751822415145,1130,2,113.981,22290.365943792625
3524,,,,1678.0,3493.751822415145,3493.751822415145,1131,2,113.966,11945.853699961428
3525,,,,1682.0,3495.751822415145,3495.751822415145,1132,2,113.964,1593.573425762454
3530,,,,1688.0,3505.751822415145,3505.751822415145,1137,2,113.955,7191.247046517609
3531,,,,1685.0,3507.751822415145,3507.751822415145,1138,2,113.915,31972.456310943202
3532,,,,1690.0,3509.751822415145,3509.751822415145,1139,2,113.873,33578.13262122192
3533,,,,1693.0,3511.751822415145,3511.751822415145,1140,2,113.842,24790.035553483933
3534,,,,1696.0,3513.751822415145,3513.751822415145,1141,2,113.826,12799.501598494053
3535,,,,1698.0,3515.751822415145,3515.751822415145,1142,2,113.82,4802.08103619329
3542,,,,1699.0,3529.751822415145,3529.751822415145,1149,2,113.809,8838.212653426435
3543,,,,1702.0,3531.751822415145,3531.751822415145,1150,2,113.768,32953.56486407807
3544,,,,1706.0,3533.751822415145,3533.751822415145,1151,2,113.731,29745.225216366987
3545,,,,1708.0,3535.751822415145,3535.751822415145,1152,2,113.696,28144.390040071576
3546,,,,1709.0,3537.751822415145,3537.751822415145,1153,2,113.665,24934.750554973347
3547,,,,1709.0,3539.751822415145,3539.751822415145,1154,2,113.632,26550.97400932435
3548,,,,1702.0,3541.751822415145,3541.751822415145,1155,2,113.597,28167.605369953675
3549,,,,1698.0,3543.751822415145,3543.751822415145,1156,2,113.557,32199.096058749186
3550,,,,1697.0,3545.751822415145,3545.751822415145,1157,2,113.521,28985.840363895004
3551,,,,1692.0,3547.751822415145,3547.751822415145,1158,2,113.488,26577.262584004115
3552,,,,1692.0,3549.751822415145,3549.751822415145,1159,2,113.455,26584.513818534895
3553,,,,1692.0,3551.751822415145,3551.751822415145,1160,2,113.421,27397.446379710193
3554,,,,1691.0,3553.751822415145,3553.751822415145,1161,2,113.382,31434.061408590856
3555,,,,1688.0,3555.751822415145,3555.751822415145,1162,2,113.346,29022.785970932575
3556,,,,1685.0,3557.751822415145,3557.751822415145,1163,2,113.31,29029.888694208876
3557,,,,1683.0,3559.751822415145,3559.751822415145,1164,2,113.277,26617.585044125164
3558,,,,1679.0,3561.751822415145,3561.751822415145,1165,2,113.246,25011.37995014209
3559,,,,1674.0,3563.751822415145,3563.751822415145,1166,2,113.216,24211.630956234272
3560,,,,1670.0,3565.751822415145,3565.751822415145,1167,2,113.185,25025.983128738248
3561,,,,1665.0,3567.751822415145,3567.751822415145,1168,2,113.155,24225.748424564237
3562,,,,1664.0,3569.751822415145,3569.751822415145,1169,2,113.127,22617.57629263751
3563,,,,1662.0,3571.751822415145,3571.751822415145,1170,2,113.098,23432.56712474718
3564,,,,1657.0,3573.751822415145,3573.751822415145,1171,2,113.068,24247.834640051227
3565,,,,1655.0,3575.751822415145,3575.751822415145,1172,2,113.039,23446.57300201087
3566,,,,1653.0,3577.751822415145,3577.751822415145,1173,2,113.01,23453.66942944557
3567,,,,1650.0,3579.751822415145,3579.751822415145,1174,2,112.98,24269.643430428878
3568,,,,1648.0,3581.751822415145,3581.751822415145,1175,2,112.948,25894.976823516132
3569,,,,1646.0,3583.751822415145,3583.751822415145,1176,2,112.919,23474.08691332686
3570,,,,1646.0,3585.751822415145,3585.751822415145,1177,2,112.892,21861.959528828258
3571,,,,1644.0,3587.751822415145,3587.751822415145,1178,2,112.866,21059.055574041715
3572,,,,1638.0,3589.751822415145,3589.751822415145,1179,2,112.84,21065.941645577812
3573,,,,1633.0,3591.751822415145,3591.751822415145,1180,2,112.814,21072.822309125422
3574,,,,1635.0,3593.751822415145,3593.751822415145,1181,2,112.791,18647.672737604145
3575,,,,1636.0,3595.751822415145,3595.751822415145,1182,2,112.77,17032.288913132077
3576,,,,1634.0,3597.751822415145,3597.751822415145,1183,2,112.746,19472.41439961131
3577,,,,1633.0,3599.751822415145,3599.751822415145,1184,2,112.717,23536.714508975434
3578,,,,1635.0,3601.751822415145,3601.751822415145,1185,2,112.686,25167.21564685633
3579,,,,1637.0,3603.751822415145,3603.751822415145,1186,2,112.661,20302.366548149257
3580,,,,1634.0,3605.751822415145,3605.751822415145,1187,2,112.637,19496.848178076434
3581,,,,1631.0,3607.751822415145,3607.751822415145,1188,2,112.613,19503.506351977012
3582,,,,1628.0,3609.751822415145,3609.751822415145,1189,2,112.586,21948.637517714673
3583,,,,1626.0,3611.751822415145,3611.751822415145,1190,2,112.559,21955.53232955759
3584,,,,1622.0,3613.751822415145,3613.751822415145,1191,2,112.53,23589.057734709513
3585,,,,1620.0,3615.751822415145,3615.751822415145,1192,2,112.502,22782.476194853014
3586,,,,1617.0,3617.751822415145,3617.751822415145,1193,2,112.473,23603.207771184607
3587,,,,1616.0,3619.751822415145,3619.751822415145,1194,2,112.442,25238.230915298383
3588,,,,1617.0,3621.751822415145,3621.751822415145,1195,2,112.412,24430.961528309403
3589,,,,1618.0,3623.751822415145,3623.751822415145,1196,2,112.384,22808.937610810503
3590,,,,1617.0,3625.751822415145,3625.751822415145,1197,2,112.352,26074.78276999041
3591,,,,1617.0,3627.751822415145,3627.751822415145,1198,2,112.319,26896.67077989751
3592,,,,1620.0,3629.751822415145,3629.751822415145,1199,2,112.29,23642.97288534149
3593,,,,1623.0,3631.751822415145,3631.751822415145,1200,2,112.265,20388.20076206546
3594,,,,1628.0,3633.751822415145,3633.751822415145,1201,2,112.241,19579.17807943597
3595,,,,1630.0,3635.751822415145,3635.751822415145,1202,2,112.214,22033.692233106
3596,,,,1633.0,3637.751822415145,3637.751822415145,1203,2,112.188,21224.288395790623
3597,,,,1635.0,3639.751822415145,3639.751822415145,1204,2,112.159,23680.454660994776
3598,,,,1642.0,3641.751822415145,3641.751822415145,1205,2,112.129,24504.036982376372
3599,,,,1645.0,3643.751822415145,3643.751822415145,1206,2,112.103,21243.189724747157
3600,,,,1644.0,3645.751822415145,3645.751822415145,1207,2,112.081,17981.02298423191
3601,,,,1645.0,3647.751822415145,3647.751822415145,1208,2,112.063,14717.190320702122
3602,,,,1646.0,3649.751822415145,3649.751822415145,1209,2,112.037,21265.643968481018
3603,,,,1647.0,3651.751822415145,3651.751822415145,1210,2,112.005,26180.665017529827
3604,,,,1648.0,3653.751822415145,3653.751822415145,1211,2,111.965,32733.231826646286
3605,,,,1649.0,3655.751822415145,3655.751822415145,1212,2,111.926,31921.107319622828
3606,,,,1650.0,3657.751822415145,3657.751822415145,1213,2,111.886,32745.950035140257
3607,,,,1654.0,3659.751822415145,3659.751822415145,1214,2,111.848,31114.81474097404
3608,,,,1655.0,3661.751822415145,3661.751822415145,1215,2,111.808,32758.91062375675
3609,,,,1659.0,3663.751822415145,3663.751822415145,1216,2,111.765,35221.987406296525
3610,,,,1663.0,3665.751822415145,3665.751822415145,1217,2,111.727,31132.115839215112
3611,,,,1665.0,3667.751822415145,3667.751822415145,1218,2,111.688,31957.80016279152
3612,,,,1668.0,3669.751822415145,3669.751822415145,1219,2,111.65,31144.611235550336
3613,,,,1670.0,3671.751822415145,3671.751822415145,1220,2,111.619,25413.439086807863
3614,,,,1671.0,3673.751822415145,3673.751822415145,1221,2,111.597,18040.884109433384
3615,,,,1674.0,3675.751822415145,3675.751822415145,1222,2,111.59,5742.660153918028
3627,,,,1700.0,3699.751822415145,3699.751822415145,1234,2,111.56,24767.98857515913
3628,,,,1703.0,3701.751822415145,3701.751822415145,1235,2,111.525,28903.185685619075
3629,,,,1705.0,3703.751822415145,3703.751822415145,1236,2,111.489,29735.58632126841
3630,,,,1704.0,3705.751822415145,3705.751822415145,1237,2,111.451,31394.091828999848
3631,,,,1706.0,3707.751822415145,3707.751822415145,1238,2,111.415,29747.945435546837
3632,,,,1707.0,3709.751822415145,3709.751822415145,1239,2,111.384,25622.398884755316
3633,,,,1707.0,3711.751822415145,3711.751822415145,1240,2,111.355,23975.804786011875
3634,,,,1707.0,3713.751822415145,3713.751822415145,1241,2,111.326,23982.477117458322
3635,,,,1706.0,3715.751822415145,3715.751822415145,1242,2,111.296,24816.243066280316
3636,,,,1706.0,3717.751822415145,3717.751822415145,1243,2,111.264,26477.531059103712
3637,,,,1709.0,3719.751822415145,3719.751822415145,1244,2,111.232,26484.156847359645
3638,,,,1713.0,3721.751822415145,3721.751822415145,1245,2,111.2,26490.77444362734
3639,,,,1718.0,3723.751822415145,3723.751822415145,1246,2,111.171,24013.578078563056
3640,,,,1720.0,3725.751822415145,3725.751822415145,1247,2,111.144,22363.843942806867
3641,,,,1724.0,3727.751822415145,3727.751822415145,1248,2,111.117,22370.413890649786
3642,,,,1726.0,3729.751822415145,3729.751822415145,1249,2,111.094,19062.213290854485
3643,,,,1729.0,3731.751822415145,3731.751822415145,1250,2,111.071,19068.48680341459
3644,,,,1731.0,3733.751822415145,3733.751822415145,1251,2,111.054,14099.113600413995
3645,,,,1733.0,3735.751822415145,3735.751822415145,1252,2,111.041,10785.99341299513
3646,,,,1737.0,3737.751822415145,3737.751822415145,1253,2,111.027,11620.491003797719
3647,,,,1742.0,3739.751822415145,3739.751822415145,1254,2,111.02,5812.804710386864
3648,,,,1751.0,3741.751822415145,3741.751822415145,1255,2,111.01,8307.81157130079
3649,,,,1758.0,3743.751822415145,3743.751822415145,1256,2,110.985,20777.354645430976
3650,,,,1767.0,3745.751822415145,3745.751822415145,1257,2,110.946,32420.639460317434
3651,,,,1772.0,3747.751822415145,3747.751822415145,1258,2,110.918,23281.753889185788
3655,,,,1799.0,3755.751822415145,3755.751822415145,1262,2,110.914,3332.5837530840586
3656,,,,1805.0,3757.751822415145,3757.751822415145,1263,2,110.873,34170.24064095485
3657,,,,1811.0,3759.751822415145,3759.751822415145,1264,2,110.848,20840.398345447447
3662,,,,1840.0,3769.751822415145,3769.751822415145,1269,2,110.843,4178.600256311379
3663,,,,1848.0,3771.751822415145,3771.751822415145,1270,2,110.806,30932.185728405428
3664,,,,1859.0,3773.751822415145,3773.751822415145,1271,2,110.766,33446.30955184009
3665,,,,1866.0,3775.751822415145,3775.751822415145,1272,2,110.743,19236.34923992985
3669,,,,1893.0,3783.751822415145,3783.751822415145,1276,2,110.72,19273.10368648984
3670,,,,1905.0,3785.751822415145,3785.751822415145,1277,2,110.678,35202.6310431222
3671,,,,1912.0,3787.751822415145,3787.751822415145,1278,2,110.656,18443.8817609663
3675,,,,1939.0,3795.751822415145,3795.751822415145,1282,2,110.649,5880.131999421288
3676,,,,1950.0,3797.751822415145,3797.751822415145,1283,2,110.611,31931.04159264508
3677,,,,1960.0,3799.751822415145,3799.751822415145,1284,2,110.571,33617.46830342232
3678,,,,1969.0,3801.751822415145,3801.751822415145,1285,2,110.54,26058.883563380114
3679,,,,1974.0,3803.751822415145,3803.751822415145,1286,2,110.533,5886.34778646169
3683,,,,2000.0,3811.751822415145,3811.751822415145,1290,2,110.523,8426.106108562333
3684,,,,2008.0,3813.751822415145,3813.751822415145,1291,2,110.485,32029.047185193624
3685,,,,2017.0,3815.751822415145,3815.751822415145,1292,2,110.451,28663.256117666904
3686,,,,2021.0,3817.751822415145,3817.751822415145,1293,2,110.435,13492.606864728388
3693,,,,2054.0,3831.751822415145,3831.751822415145,1300,2,110.405,25386.12217386578
3694,,,,2055.0,3833.751822415145,3833.751822415145,1301,2,110.367,32162.632178850192
3695,,,,2060.0,3835.751822415145,3835.751822415145,1302,2,110.352,12699.349597375207
3699,,,,2087.0,3843.751822415145,3843.751822415145,1306,2,110.349,2544.959612876631
3700,,,,2093.0,3845.751822415145,3845.751822415145,1307,2,110.307,35640.70499332847
3701,,,,2096.0,3847.751822415145,3847.751822415145,1308,2,110.271,30554.258453449922
3702,,,,2104.0,3849.751822415145,3849.751822415145,1309,2,110.255,13583.525926243292
3709,,,,2139.0,3863.751822415145,3863.751822415145,1316,2,110.247,6815.720034765697
3710,,,,2142.0,3865.751822415145,3865.751822415145,1317,2,110.208,33236.74840241196
3711,,,,2145.0,3867.751822415145,3867.751822415145,1318,2,110.175,28128.76274601852
3712,,,,2149.0,3869.751822415145,3869.751822415145,1319,2,110.166,7673.98487672527
3718,,,,2182.0,3881.751822415145,3881.751822415145,1325,2,110.149,14538.538596838174
3719,,,,2187.0,3883.751822415145,3883.751822415145,1326,2,110.106,36782.8775787855
3720,,,,2193.0,3885.751822415145,3885.751822415145,1327,2,110.081,21389.800913045794
3721,,,,2199.0,3887.751822415145,3887.751822415145,1328,2,110.078,2567.770660413385
3726,,,,2221.0,3897.751822415145,3897.751822415145,1333,2,110.044,29171.351506229832
3727,,,,2228.0,3899.751822415145,3899.751822415145,1334,2,110.011,28319.276280292706
3728,,,,2234.0,3901.751822415145,3901.751822415145,1335,2,109.997,12017.832609239145
3734,,,,2258.0,3913.751822415145,3913.751822415145,1341,2,109.973,20661.79172104061
3735,,,,2263.0,3915.751822415145,3915.751822415145,1342,2,109.939,29278.107702217807
3736,,,,2268.0,3917.751822415145,3917.751822415145,1343,2,109.934,4307.039232245508
3741,,,,2288.0,3927.751822415145,3927.751822415145,1348,2,109.902,27630.759988235543
3742,,,,2292.0,3929.751822415145,3929.751822415145,1349,2,109.861,35408.176039723454
3743,,,,2297.0,3931.751822415145,3931.751822415145,1350,2,109.831,25913.232641101822
3744,,,,2301.0,3933.751822415145,3933.751822415145,1351,2,109.816,12960.551798070781
3750,,,,2319.0,3945.751822415145,3945.751822415145,1357,2,109.81,5199.538138498689
3751,,,,2325.0,3947.751822415145,3947.751822415145,1358,2,109.773,32073.789971596558
3752,,,,2329.0,3949.751822415145,3949.751822415145,1359,2,109.736,32079.224693094464
3753,,,,2329.0,3951.751822415145,3951.751822415145,1360,2,109.699,32084.648462617017
3754,,,,2332.0,3953.751822415145,3953.751822415145,1361,2,109.663,31222.9046616719
3755,,,,2333.0,3955.751822415145,3955.751822415145,1362,2,109.63,28626.466584966267
3756,,,,2330.0,3957.751822415145,3957.751822415145,1363,2,109.596,29499.831434699507
3757,,,,2329.0,3959.751822415145,3959.751822415145,1364,2,109.558,32976.22713380075
3758,,,,2332.0,3961.751822415145,3961.751822415145,1365,2,109.519,33849.21945597175
3759,,,,2329.0,3963.751822415145,3963.751822415145,1366,2,109.478,35590.040072001
3760,,,,2331.0,3965.751822415145,3965.751822415145,1367,2,109.432,39934.56564645866
3761,,,,2338.0,3967.751822415145,3967.751822415145,1368,2,109.389,37333.77912591182
3762,,,,2344.0,3969.751822415145,3969.751822415145,1369,2,109.35,33865.24221144867
3763,,,,2346.0,3971.751822415145,3971.751822415145,1370,2,109.311,33870.22178439255
3764,,,,2347.0,3973.751822415145,3973.751822415145,1371,2,109.274,32138.294057802068
3765,,,,2351.0,3975.751822415145,3975.751822415145,1372,2,109.237,32143.583739312297
3766,,,,2355.0,3977.751822415145,3977.751822415145,1373,2,109.2,32148.862468810177
3767,,,,2357.0,3979.751822415145,3979.751822415145,1374,2,109.16,34760.744317708275
3768,,,,2364.0,3981.751822415145,3981.751822415145,1375,2,109.119,35634.4450478404
3769,,,,2373.0,3983.751822415145,3983.751822415145,1376,2,109.08,33900.77589206861
3770,,,,2377.0,3985.751822415145,3985.751822415145,1377,2,109.041,33905.670757024825
3771,,,,2377.0,3987.751822415145,3987.751822415145,1378,2,109.002,33910.55345398104
3772,,,,2377.0,3989.751822415145,3989.751822415145,1379,2,108.962,34784.89064882886
3773,,,,2382.0,3991.751822415145,3991.751822415145,1380,2,108.917,39137.35028922101
3774,,,,2390.0,3993.751822415145,3993.751822415145,1381,2,108.875,36531.90227011383
3775,,,,2395.0,3995.751822415145,3995.751822415145,1382,2,108.831,38275.56243502864
3776,,,,2398.0,3997.751822415145,3997.751822415145,1383,2,108.787,38279.24126797225
3777,,,,2403.0,3999.751822415145,3999.751822415145,1384,2,108.742,39152.79063801797
3778,,,,2407.0,4001.751822415145,4001.751822415145,1385,2,108.698,38286.20031571145
3779,,,,2411.0,4003.751822415145,4003.751822415145,1386,2,108.651,40899.93837795257
3780,,,,2415.0,4005.751822415145,4005.751822415145,1387,2,108.606,39162.493065711606
3781,,,,2419.0,4007.751822415145,4007.751822415145,1388,2,108.56,40035.98188425721
3782,,,,2423.0,4009.751822415145,4009.751822415145,1389,2,108.516,38298.51901051129
3783,,,,2426.0,4011.751822415145,4011.751822415145,1390,2,108.472,38302.088195467266
3784,,,,2424.0,4013.751822415145,4013.751822415145,1391,2,108.429,37435.231713440866
3785,,,,2426.0,4015.751822415145,4015.751822415145,1392,2,108.382,40920.98091337098
3786,,,,2428.0,4017.751822415145,4017.751822415145,1393,2,108.338,38311.99569797735
3787,,,,2427.0,4019.751822415145,4019.751822415145,1394,2,108.293,39186.1285668618
3788,,,,2425.0,4021.751822415145,4021.751822415145,1395,2,108.247,40060.026422791314
3789,,,,2426.0,4023.751822415145,4023.751822415145,1396,2,108.2,40933.6635031931
3790,,,,2426.0,4025.751822415145,4025.751822415145,1397,2,108.152,41807.013997593334
3791,,,,2424.0,4027.751822415145,4027.751822415145,1398,2,108.103,42680.052047468715
3792,,,,2420.0,4029.751822415145,4029.751822415145,1399,2,108.051,45294.44272195427
3793,,,,2418.0,4031.751822415145,4031.751822415145,1400,2,108.0,44424.26466221702
3794,,,,2418.0,4033.751822415145,4033.751822415145,1401,2,107.951,42683.54425032202
3795,,,,2417.0,4035.751822415145,4035.751822415145,1402,2,107.903,41814.39234601794
3796,,,,2414.0,4037.751822415145,4037.751822415145,1403,2,107.854,42687.48777749814
3797,,,,2417.0,4039.751822415145,4039.751822415145,1404,2,107.804,43560.23992591779
3798,,,,2419.0,4041.751822415145,4041.751822415145,1405,2,107.758,40077.4128918045
3799,,,,2417.0,4043.751822415145,4043.751822415145,1406,2,107.712,40080.13143807966
3800,,,,2406.0,4045.751822415145,4045.751822415145,1407,2,107.664,41825.17653621683
3801,,,,2403.0,4047.751822415145,4047.751822415145,1408,2,107.616,41827.20059181914
3802,,,,2404.0,4049.751822415145,4049.751822415145,1409,2,107.571,39215.42754345364
3803,,,,2403.0,4051.751822415145,4051.751822415145,1410,2,107.528,37475.693905729204
3804,,,,2403.0,4053.751822415145,4053.751822415145,1411,2,107.486,36607.76256248173
3805,,,,2398.0,4055.751822415145,4055.751822415145,1412,2,107.442,38354.56361828357
3806,,,,2391.0,4057.751822415145,4057.751822415145,1413,2,107.396,40100.927157098406
3807,,,,2386.0,4059.751822415145,4059.751822415145,1414,2,107.348,41846.75257693204
3808,,,,2384.0,4061.751822415145,4061.751822415145,1415,2,107.298,43591.93908370358
3809,,,,2384.0,4063.751822415145,4063.751822415145,1416,2,107.248,43593.08492459151
3810,,,,2384.0,4065.751822415145,4065.751822415145,1417,2,107.2,41850.83264703917
3811,,,,2385.0,4067.751822415145,4067.751822415145,1418,2,107.152,41852.67545464148
3812,,,,2388.0,4069.751822415145,4069.751822415145,1419,2,107.104,41854.49983024379
3813,,,,2393.0,4071.751822415145,4071.751822415145,1420,2,107.058,40112.66763442859
3814,,,,2395.0,4073.751822415145,4073.751822415145,1421,2,107.012,40115.130420728514
3815,,,,2397.0,4075.751822415145,4075.751822415145,1422,2,106.967,39245.63846438715
3816,,,,2397.0,4077.751822415145,4077.751822415145,1423,2,106.92,40992.3708899201
3817,,,,2398.0,4079.751822415145,4079.751822415145,1424,2,106.872,41866.478477654964
3818,,,,2405.0,4081.751822415145,4081.751822415145,1425,2,106.823,42740.247828864965
3819,,,,2410.0,4083.751822415145,4083.751822415145,1426,2,106.778,39253.20628587547
3820,,,,2413.0,4085.751822415145,4085.751822415145,1427,2,106.731,41000.20493505547
3821,,,,2420.0,4087.751822415145,4087.751822415145,1428,2,106.682,42746.58960417044
3822,,,,2425.0,4089.751822415145,4089.751822415145,1429,2,106.631,44492.25875523862
3823,,,,2428.0,4091.751822415145,4091.751822415145,1430,2,106.581,43620.52947803641
3824,,,,2434.0,4093.751822415145,4093.751822415145,1431,2,106.53,44493.6007759641
3825,,,,2439.0,4095.751822415145,4095.751822415145,1432,2,106.481,42749.5693807849
3826,,,,2440.0,4097.751822415145,4097.751822415145,1433,2,106.43,44495.27835136307
3827,,,,2439.0,4099.751822415145,4099.751822415145,1434,2,106.378,45367.91926288101
3828,,,,2441.0,4101.751822415145,4101.751822415145,1435,2,106.322,48856.786307149
3829,,,,2443.0,4103.751822415145,4103.751822415145,1436,2,106.267,47982.68728965369
3830,,,,2442.0,4105.751822415145,4105.751822415145,1437,2,106.21,49725.53630836614
3831,,,,2444.0,4107.751822415145,4107.751822415145,1438,2,106.154,48850.96204885843
3832,,,,2442.0,4109.751822415145,4109.751822415145,1439,2,106.1,47104.80821900661
3833,,,,2440.0,4111.751822415145,4111.751822415145,1440,2,106.044,48847.87480240628
3834,,,,2441.0,4113.751822415145,4113.751822415145,1441,2,105.99,47101.78371135632
3835,,,,2441.0,4115.751822415145,4115.751822415145,1442,2,105.939,44484.60556660527
3836,,,,2439.0,4117.751822415145,4117.751822415145,1443,2,105.89,42740.70328872187
3837,,,,2435.0,4119.751822415145,4119.751822415145,1444,2,105.839,44485.81761401664
3838,,,,2433.0,4121.751822415145,4121.751822415145,1445,2,105.789,43613.90473370114
3839,,,,2431.0,4123.751822415145,4123.751822415145,1446,2,105.739,43614.448774589066
3840,,,,2428.0,4125.751822415145,4125.751822415145,1447,2,105.693,40126.53412858209
3841,,,,2426.0,4127.751822415145,4127.751822415145,1448,2,105.647,40128.51722685723
3842,,,,2421.0,4129.751822415145,4129.751822415145,1449,2,105.601,40130.483397157164
3843,,,,2416.0,4131.751822415145,4131.751822415145,1450,2,105.556,39260.17438045866
3844,,,,2411.0,4133.751822415145,4133.751822415145,1451,2,105.511,39262.43681557787
3845,,,,2408.0,4135.751822415145,4135.751822415145,1452,2,105.464,41009.39131449708
3846,,,,2404.0,4137.751822415145,4137.751822415145,1453,2,105.415,42755.683361388445
3847,,,,2401.0,4139.751822415145,4139.751822415145,1454,2,105.366,42756.470415149604
3848,,,,2398.0,4141.751822415145,4141.751822415145,1455,2,105.319,41012.43418715756
3849,,,,2396.0,4143.751822415145,4143.751822415145,1456,2,105.27,42758.799074004324
3850,,,,2394.0,4145.751822415145,4145.751822415145,1457,2,105.223,41014.63170271209
3851,,,,2391.0,4147.751822415145,4147.751822415145,1458,2,105.175,41888.57702076167
3852,,,,2390.0,4149.751822415145,4149.751822415145,1459,2,105.127,41889.65317236398
3853,,,,2386.0,4151.751822415145,4151.751822415145,1460,2,105.078,42763.23059970136
3854,,,,2384.0,4153.751822415145,4153.751822415145,1461,2,105.028,43636.40902001535
3855,,,,2380.0,4155.751822415145,4155.751822415145,1462,2,104.977,44509.16173478261
3856,,,,2373.0,4157.751822415145,4157.751822415145,1463,2,104.928,42763.911917924255
3857,,,,2370.0,4159.751822415145,4159.751822415145,1464,2,104.878,43637.04454267912
3858,,,,2370.0,4161.751822415145,4161.751822415145,1465,2,104.83,41892.127256403284
3859,,,,2367.0,4163.751822415145,4163.751822415145,1466,2,104.783,41020.496005336994
3860,,,,2364.0,4165.751822415145,4165.751822415145,1467,2,104.733,43639.5829412541
3861,,,,2363.0,4167.751822415145,4167.751822415145,1468,2,104.684,42767.10608634667
3862,,,,2362.0,4169.751822415145,4169.751822415145,1469,2,104.637,41022.38119732617
3863,,,,2359.0,4171.751822415145,4171.751822415145,1470,2,104.59,41023.626571774745
3864,,,,2355.0,4173.751822415145,4173.751822415145,1471,2,104.539,44515.47978836439
3865,,,,2352.0,4175.751822415145,4175.751822415145,1472,2,104.488,44515.08868538419
3866,,,,2348.0,4177.751822415145,4177.751822415145,1473,2,104.436,45387.296330799065
3867,,,,2347.0,4179.751822415145,4179.751822415145,1474,2,104.387,42768.58742580345
3868,,,,2344.0,4181.751822415145,4181.751822415145,1475,2,104.335,45386.82740166882
3869,,,,2340.0,4183.751822415145,4183.751822415145,1476,2,104.282,46258.49295864697
3870,,,,2338.0,4185.751822415145,4185.751822415145,1477,2,104.231,44511.967157111394
3871,,,,2333.0,4187.751822415145,4187.751822415145,1478,2,104.178,46256.553986556675
3872,,,,2329.0,4189.751822415145,4189.751822415145,1479,2,104.124,47127.618942088644
3873,,,,2323.0,4191.751822415145,4191.751822415145,1480,2,104.07,47125.669261460316
3874,,,,2315.0,4193.751822415145,4193.751822415145,1481,2,104.014,48868.54863606197
3875,,,,2307.0,4195.751822415145,4195.751822415145,1482,2,103.959,47993.17015696653
3876,,,,2301.0,4197.751822415145,4197.751822415145,1483,2,103.905,47118.32017998488
3877,,,,2296.0,4199.751822415145,4199.751822415145,1484,2,103.851,47116.27653935656
3878,,,,2291.0,4201.751822415145,4201.751822415145,1485,2,103.802,42752.81218781199
3879,,,,2286.0,4203.751822415145,4203.751822415145,1486,2,103.751,44497.56640188595
3880,,,,2280.0,4205.751822415145,4205.751822415145,1487,2,103.702,42752.29580796472
3881,,,,2274.0,4207.751822415145,4207.751822415145,1488,2,103.65,45369.25930582757
3882,,,,2269.0,4209.751822415145,4209.751822415145,1489,2,103.598,45368.05757598434
3883,,,,2265.0,4211.751822415145,4211.751822415145,1490,2,103.545,46239.05011077626
3884,,,,2263.0,4213.751822415145,4213.751822415145,1491,2,103.494,44492.95914161316
3885,,,,2263.0,4215.751822415145,4215.751822415145,1492,2,103.443,44492.14677863295
3886,,,,2260.0,4217.751822415145,4217.751822415145,1493,2,103.393,43619.14579705047
3887,,,,2259.0,4219.751822415145,4219.751822415145,1494,2,103.344,42746.56279302711
3888,,,,2260.0,4221.751822415145,4221.751822415145,1495,2,103.298,40129.99704401874
3889,,,,2259.0,4223.751822415145,4223.751822415145,1496,2,103.254,38386.67300263102
3890,,,,2256.0,4225.751822415145,4225.751822415145,1497,2,103.209,39260.76293300991
3891,,,,2255.0,4227.751822415145,4227.751822415145,1498,2,103.163,40134.52155839674
3892,,,,2254.0,4229.751822415145,4229.751822415145,1499,2,103.117,40135.60747267188
3893,,,,2252.0,4231.751822415145,4231.751822415145,1500,2,103.071,40136.676458971815
3894,,,,2251.0,4233.751822415145,4233.751822415145,1501,2,103.023,41882.44070826528
3895,,,,2251.0,4235.751822415145,4235.751822415145,1502,2,102.976,41010.3500642852
3896,,,,2250.0,4237.751822415145,4237.751822415145,1503,2,102.928,41883.36245964486
3897,,,,2247.0,4239.751822415145,4239.751822415145,1504,2,102.88,41883.59246724717
3898,,,,2244.0,4241.751822415145,4241.751822415145,1505,2,102.829,44500.89280749874
3899,,,,2242.0,4243.751822415145,4243.751822415145,1506,2,102.777,45372.123534366845
3900,,,,2241.0,4245.751822415145,4245.751822415145,1507,2,102.727,43625.949125677624
3901,,,,2240.0,4247.751822415145,4247.751822415145,1508,2,102.676,44497.54934655813
3902,,,,2240.0,4249.751822415145,4249.751822415145,1509,2,102.629,41007.27900134167
3903,,,,2239.0,4251.751822415145,4251.751822415145,1510,2,102.577,45369.219192473014
3904,,,,2236.0,4253.751822415145,4253.751822415145,1511,2,102.529,41878.561021839065
3905,,,,2233.0,4255.751822415145,4255.751822415145,1512,2,102.478,44495.40460675263
3906,,,,2228.0,4257.751822415145,4257.751822415145,1513,2,102.429,42749.714481098745
3907,,,,2224.0,4259.751822415145,4259.751822415145,1514,2,102.381,41877.10899594619
3908,,,,2223.0,4261.751822415145,4261.751822415145,1515,2,102.333,41877.1326035485
3909,,,,2219.0,4263.751822415145,4263.751822415145,1516,2,102.289,38388.12671787153
3910,,,,2213.0,4265.751822415145,4265.751822415145,1517,2,102.248,35772.66730055161
3911,,,,2210.0,4267.751822415145,4267.751822415145,1518,2,102.208,34902.6986641539
3912,,,,2206.0,4269.751822415145,4269.751822415145,1519,2,102.167,35777.85167694713
3913,,,,2199.0,4271.751822415145,4271.751822415145,1520,2,102.125,36652.75837880446
3914,,,,2191.0,4273.751822415145,4273.751822415145,1521,2,102.081,38399.933644514036
3915,,,,2187.0,4275.751822415145,4275.751822415145,1522,2,102.037,38401.34806145765
3916,,,,2182.0,4277.751822415145,4277.751822415145,1523,2,101.99,41020.51294038888
3917,,,,2178.0,4279.751822415145,4279.751822415145,1524,2,101.942,41893.36073514233
3918,,,,2173.0,4281.751822415145,4281.751822415145,1525,2,101.893,42765.77325337092
3919,,,,2168.0,4283.751822415145,4283.751822415145,1526,2,101.844,42765.178507132085
3920,,,,2171.0,4285.751822415145,4285.751822415145,1527,2,101.794,43637.09648064629
3921,,,,2174.0,4287.751822415145,4287.751822415145,1528,2,101.748,40145.92874614234
3922,,,,2176.0,4289.751822415145,4289.751822415145,1529,2,101.704,38401.377862065994
3923,,,,2175.0,4291.751822415145,4291.751822415145,1530,2,101.658,40147.84476905274
3924,,,,2174.0,4293.751822415145,4293.751822415145,1531,2,101.613,39275.78520123819
3925,,,,2173.0,4295.751822415145,4295.751822415145,1532,2,101.567,40149.29934280788
3926,,,,2173.0,4297.751822415145,4297.751822415145,1533,2,101.52,41022.423644862174
3927,,,,2172.0,4299.751822415145,4299.751822415145,1534,2,101.474,40149.89578620289
3928,,,,2172.0,4301.751822415145,4301.751822415145,1535,2,101.426,41895.62134886717
3929,,,,2174.0,4303.751822415145,4303.751822415145,1536,2,101.38,40150.027836455054
3930,,,,2173.0,4305.751822415145,4305.751822415145,1537,2,101.334,40150.46404673019
3931,,,,2173.0,4307.751822415145,4307.751822415145,1538,2,101.29,38405.57183165936
3932,,,,2174.0,4309.751822415145,4309.751822415145,1539,2,101.245,39279.401340879806
3933,,,,2174.0,4311.751822415145,4311.751822415145,1540,2,101.201,38407.46401539861
3934,,,,2176.0,4313.751822415145,4313.751822415145,1541,2,101.158,37535.839716373725
3935,,,,2177.0,4315.751822415145,4315.751822415145,1542,2,101.115,37537.28294014684
3936,,,,2177.0,4317.751822415145,4317.751822415145,1543,2,101.07,39284.30934967676
3937,,,,2180.0,4319.751822415145,4319.751822415145,1544,2,101.024,40157.8125407549
3938,,,,2180.0,4321.751822415145,4321.751822415145,1545,2,100.98,38412.49082594388
3939,,,,2182.0,4323.751822415145,4323.751822415145,1546,2,100.935,39286.36571503442
3940,,,,2180.0,4325.751822415145,4325.751822415145,1547,2,100.892,37541.30106169656
3941,,,,2180.0,4327.751822415145,4327.751822415145,1548,2,100.848,38415.548716774705
3942,,,,2177.0,4329.751822415145,4329.751822415145,1549,2,100.804,38416.53703771831
3943,,,,2175.0,4331.751822415145,4331.751822415145,1550,2,100.758,40163.36179816917
3944,,,,2177.0,4333.751822415145,4333.751822415145,1551,2,100.712,40163.5650644443
3945,,,,2179.0,4335.751822415145,4335.751822415145,1552,2,100.669,37544.93562324629
3946,,,,2183.0,4337.751822415145,4337.751822415145,1553,2,100.624,39292.15849152502
3947,,,,2187.0,4339.751822415145,4339.751822415145,1554,2,100.582,36673.73241759758
3948,,,,2188.0,4341.751822415145,4341.751822415145,1555,2,100.543,34056.15857603548
3949,,,,2190.0,4343.751822415145,4343.751822415145,1556,2,100.506,32312.357525360836
3950,,,,2189.0,4345.751822415145,4345.751822415145,1557,2,100.471,30568.865740470526
3951,,,,2191.0,4347.751822415145,4347.751822415145,1558,2,100.433,33192.26782095583
3952,,,,2193.0,4349.751822415145,4349.751822415145,1559,2,100.398,30574.775288670397
3953,,,,2195.0,4351.751822415145,4351.751822415145,1560,2,100.362,31451.677051251514
3954,,,,2196.0,4353.751822415145,4353.751822415145,1561,2,100.326,31454.846846527817
3955,,,,2197.0,4355.751822415145,4355.751822415145,1562,2,100.289,32331.67861858408
3956,,,,2198.0,4357.751822415145,4357.751822415145,1563,2,100.253,31460.841574949205
3957,,,,2201.0,4359.751822415145,4359.751822415145,1564,2,100.216,32337.81825925181
3958,,,,2203.0,4361.751822415145,4361.751822415145,1565,2,100.181,30592.869298475493
3959,,,,2203.0,4363.751822415145,4363.751822415145,1566,2,100.143,33218.240362789795
3960,,,,2205.0,4365.751822415145,4365.751822415145,1567,2,100.105,33220.856695526665
3961,,,,2209.0,4367.751822415145,4367.751822415145,1568,2,100.062,37594.03049861258
3962,,,,2210.0,4369.751822415145,4369.751822415145,1569,2,100.017,39343.30086946648
3963,,,,2213.0,4371.751822415145,4371.751822415145,1570,2,99.972,39343.602384585705
3964,,,,2216.0,4373.751822415145,4373.751822415145,1571,2,99.925,41092.09379812747
3965,,,,2222.0,4375.751822415145,4375.751822415145,1572,2,99.877,41965.63034986675
3966,,,,2229.0,4377.751822415145,4377.751822415145,1573,2,99.827,43712.72749717722
3967,,,,2234.0,4379.751822415145,4379.751822415145,1574,2,99.784,37592.60556402986
3968,,,,2233.0,4381.751822415145,4381.751822415145,1575,2,99.76,20984.454855648983
3974,,,,2246.0,4393.751822415145,4393.751822415145,1581,2,99.727,28924.38020333939
3975,,,,2251.0,4395.751822415145,4395.751822415145,1582,2,99.686,35939.37238469134
3976,,,,2253.0,4397.751822415145,4397.751822415145,1583,2,99.641,39446.58048779596
3977,,,,2256.0,4399.751822415145,4399.751822415145,1584,2,99.6,35941.04906685212
3978,,,,2259.0,4401.751822415145,4401.751822415145,1585,2,99.57,26300.90731411373
3979,,,,2261.0,4403.751822415145,4403.751822415145,1586,2,99.548,19291.05761825692
3980,,,,2261.0,4405.751822415145,4405.751822415145,1587,2,99.531,14910.575339924351
3981,,,,2263.0,4407.751822415145,4407.751822415145,1588,2,99.52,9651.041488047806
3982,,,,2267.0,4409.751822415145,4409.751822415145,1589,2,99.519,877.712592973406
3987,,,,2273.0,4419.751822415145,4419.751822415145,1594,2,99.483,31663.420277914516
3988,,,,2274.0,4421.751822415145,4421.751822415145,1595,2,99.441,36942.88749993004
3989,,,,2274.0,4423.751822415145,4423.751822415145,1596,2,99.4,36064.552680952045
3990,,,,2276.0,4425.751822415145,4425.751822415145,1597,2,99.358,36945.45039022416
3991,,,,2277.0,4427.751822415145,4427.751822415145,1598,2,99.318,35187.52084281156
3992,,,,2273.0,4429.751822415145,4429.751822415145,1599,2,99.278,35189.23971696733
3993,,,,2268.0,4431.751822415145,4431.751822415145,1600,2,99.234,38709.26038194592
3994,,,,2268.0,4433.751822415145,4433.751822415145,1601,2,99.19,38709.561950877025
3995,,,,2267.0,4435.751822415145,4435.751822415145,1602,2,99.146,38709.848031820635
3996,,,,2264.0,4437.751822415145,4437.751822415145,1603,2,99.099,41348.81917162785
3997,,,,2265.0,4439.751822415145,4439.751822415145,1604,2,99.048,44865.898722162485
3998,,,,2265.0,4441.751822415145,4441.751822415145,1605,2,99.002,40465.6916277544
3999,,,,2266.0,4443.751822415145,4443.751822415145,1606,2,98.958,38706.14487367059
4000,,,,2266.0,4445.751822415145,4445.751822415145,1607,2,98.912,40465.322002652305
4001,,,,2264.0,4447.751822415145,4447.751822415145,1608,2,98.869,37826.274537136465
4002,,,,2258.0,4449.751822415145,4449.751822415145,1609,2,98.829,35188.28143151868
4003,,,,2252.0,4451.751822415145,4451.751822415145,1610,2,98.788,36069.41543549596
4004,,,,2248.0,4453.751822415145,4453.751822415145,1611,2,98.745,37829.80722568973
4005,,,,2246.0,4455.751822415145,4455.751822415145,1612,2,98.699,40469.027289952755
4006,,,,2243.0,4457.751822415145,4457.751822415145,1613,2,98.653,40468.32693222779
4007,,,,2239.0,4459.751822415145,4459.751822415145,1614,2,98.607,40467.60964652783
4008,,,,2235.0,4461.751822415145,4461.751822415145,1615,2,98.561,40466.87543280287
4009,,,,2231.0,4463.751822415145,4463.751822415145,1616,2,98.514,41345.612848925746
4010,,,,2231.0,4465.751822415145,4465.751822415145,1617,2,98.466,42223.862111009694
4011,,,,2231.0,4467.751822415145,4467.751822415145,1618,2,98.42,40463.3381241625
4012,,,,2230.0,4469.751822415145,4469.751822415145,1619,2,98.372,42221.34723056422
4013,,,,2227.0,4471.751822415145,4471.751822415145,1620,2,98.321,44857.67634152311
4014,,,,2225.0,4473.751822415145,4473.751822415145,1621,2,98.268,46612.99104188647
4015,,,,2228.0,4475.751822415145,4475.751822415145,1622,2,98.215,46608.68470214814
4016,,,,2234.0,4477.751822415145,4477.751822415145,1623,2,98.162,46604.35589040981
4017,,,,2241.0,4479.751822415145,4479.751822415145,1624,2,98.118,38688.57025897017
4018,,,,2248.0,4481.751822415145,4481.751822415145,1625,2,98.086,28138.80430608142
4019,,,,2254.0,4483.751822415145,4483.751822415145,1626,2,98.076,8795.417249890497
4023,,,,2258.0,4491.751822415145,4491.751822415145,1630,2,98.049,23785.510306609984
4024,,,,2262.0,4493.751822415145,4493.751822415145,1631,2,98.007,37003.1343064092
4025,,,,2266.0,4495.751822415145,4495.751822415145,1632,2,97.96,41407.892877021666
4026,,,,2271.0,4497.751822415145,4497.751822415145,1633,2,97.913,41406.44270745772
4027,,,,2276.0,4499.751822415145,4499.751822415145,1634,2,97.871,37001.13525358993
4028,,,,2279.0,4501.751822415145,4501.751822415145,1635,2,97.838,29074.100464631607
4029,,,,2282.0,4503.751822415145,4503.751822415145,1636,2,97.814,21148.033237420834
4030,,,,2282.0,4505.751822415145,4505.751822415145,1637,2,97.811,2644.313100767463
4033,,,,2290.0,4511.751822415145,4511.751822415145,1640,2,97.797,12355.486506714575
4034,,,,2292.0,4513.751822415145,4513.751822415145,1641,2,97.761,31777.2100399642
4035,,,,2293.0,4515.751822415145,4515.751822415145,1642,2,97.714,41487.679611867614
4036,,,,2296.0,4517.751822415145,4517.751822415145,1643,2,97.668,40603.61978208051
4037,,,,2296.0,4519.751822415145,4519.751822415145,1644,2,97.623,39720.00839180894
4038,,,,2294.0,4521.751822415145,4521.751822415145,1645,2,97.576,41484.14739723979
4039,,,,2293.0,4523.751822415145,4523.751822415145,1646,2,97.529,41482.51016767581
4040,,,,2295.0,4525.751822415145,4525.751822415145,1647,2,97.481,42363.20941868213
4041,,,,2294.0,4527.751822415145,4527.751822415145,1648,2,97.433,42361.066498271895
4042,,,,2292.0,4529.751822415145,4529.751822415145,1649,2,97.384,43241.16037859094
4043,,,,2290.0,4531.751822415145,4531.751822415145,1650,2,97.335,43238.4909723397
4044,,,,2285.0,4533.751822415145,4533.751822415145,1651,2,97.286,43235.80235807592
4045,,,,2280.0,4535.751822415145,4535.751822415145,1652,2,97.234,45879.311113808006
4046,,,,2275.0,4537.751822415145,4537.751822415145,1653,2,97.183,44993.02089897192
4047,,,,2271.0,4539.751822415145,4539.751822415145,1654,2,97.133,44107.3207562311
4048,,,,2268.0,4541.751822415145,4541.751822415145,1655,2,97.082,44985.89283970993
4049,,,,2264.0,4543.751822415145,4543.751822415145,1656,2,97.031,44982.0661727172
4050,,,,2260.0,4545.751822415145,4545.751822415145,1657,2,96.979,45859.90817547756
4051,,,,2255.0,4547.751822415145,4547.751822415145,1658,2,96.929,44092.27301904129
4052,,,,2252.0,4549.751822415145,4549.751822415145,1659,2,96.878,44970.461323789124
4053,,,,2250.0,4551.751822415145,4551.751822415145,1660,2,96.827,44966.55142480892
4054,,,,2247.0,4553.751822415145,4553.751822415145,1661,2,96.779,42318.41641586592
4055,,,,2245.0,4555.751822415145,4555.751822415145,1662,2,96.731,42316.009687468235
4056,,,,2240.0,4557.751822415145,4557.751822415145,1663,2,96.682,43194.89420820353
4057,,,,2235.0,4559.751822415145,4559.751822415145,1664,2,96.63,45835.64670333117
4058,,,,2232.0,4561.751822415145,4561.751822415145,1665,2,96.579,44949.9469007091
4059,,,,2228.0,4563.751822415145,4563.751822415145,1666,2,96.528,44945.91358171638
4060,,,,2226.0,4565.751822415145,4565.751822415145,1667,2,96.476,45822.834966143375
4061,,,,2228.0,4567.751822415145,4567.751822415145,1668,2,96.424,45818.20498027523
4062,,,,2227.0,4569.751822415145,4569.751822415145,1669,2,96.375,43171.13549888688
4063,,,,2224.0,4571.751822415145,4571.751822415145,1670,2,96.326,43168.07624863563
4064,,,,2225.0,4573.751822415145,4573.751822415145,1671,2,96.276,44045.687425037584
4065,,,,2226.0,4575.751822415145,4575.751822415145,1672,2,96.23,40519.54529498229
4066,,,,2224.0,4577.751822415145,4577.751822415145,1673,2,96.183,41398.49118609657
4067,,,,2223.0,4579.751822415145,4579.751822415145,1674,2,96.136,41396.344664557655
4068,,,,2220.0,4581.751822415145,4581.751822415145,1675,2,96.086,44035.6749404117
4069,,,,2217.0,4583.751822415145,4583.751822415145,1676,2,96.034,45792.780806358074
4070,,,,2218.0,4585.751822415145,4585.751822415145,1677,2,95.985,43147.02248023416
4071,,,,2220.0,4587.751822415145,4587.751822415145,1678,2,95.935,44024.06648789324
4072,,,,2221.0,4589.751822415145,4589.751822415145,1679,2,95.886,43140.12843205309
4073,,,,2220.0,4591.751822415145,4591.751822415145,1680,2,95.836,44016.99214485132
4074,,,,2221.0,4593.751822415145,4593.751822415145,1681,2,95.786,44013.195585739246
4075,,,,2220.0,4595.751822415145,4595.751822415145,1682,2,95.736,44009.379026627175
4076,,,,2220.0,4597.751822415145,4597.751822415145,1683,2,95.683,46645.14397302649
4077,,,,2216.0,4599.751822415145,4599.751822415145,1684,2,95.631,45759.839847989526
4078,,,,2213.0,4601.751822415145,4601.751822415145,1685,2,95.576,48393.793838975296
4079,,,,2209.0,4603.751822415145,4603.751822415145,1686,2,95.523,46627.93558411833
4080,,,,2206.0,4605.751822415145,4605.751822415145,1687,2,95.47,46622.31696438
4081,,,,2201.0,4607.751822415145,4607.751822415145,1688,2,95.417,46616.675872641674
4082,,,,2195.0,4609.751822415145,4609.751822415145,1689,2,95.364,46611.012308903344
4083,,,,2187.0,4611.751822415145,4611.751822415145,1690,2,95.31,47484.42301730981
4084,,,,2180.0,4613.751822415145,4613.751822415145,1691,2,95.253,50114.99214649105
4085,,,,2175.0,4615.751822415145,4615.751822415145,1692,2,95.194,51864.30915208413
4086,,,,2168.0,4617.751822415145,4617.751822415145,1693,2,95.137,50097.37536039143
4087,,,,2161.0,4619.751822415145,4619.751822415145,1694,2,95.078,51846.019481138916
4088,,,,2153.0,4621.751822415145,4621.751822415145,1695,2,95.018,52714.592066031764
4089,,,,2146.0,4623.751822415145,4623.751822415145,1696,2,94.96,50947.84517569559
4090,,,,2138.0,4625.751822415145,4625.751822415145,1697,2,94.902,50938.7605654219
4091,,,,2132.0,4627.751822415145,4627.751822415145,1698,2,94.845,50051.81542772687
4092,,,,2128.0,4629.751822415145,4629.751822415145,1699,2,94.788,50043.362458384814
4093,,,,2126.0,4631.751822415145,4631.751822415145,1700,2,94.733,48279.783042470255
4094,,,,2122.0,4633.751822415145,4633.751822415145,1701,2,94.679,47395.162810115864
4095,,,,2119.0,4635.751822415145,4635.751822415145,1702,2,94.625,47388.58360148754
4096,,,,2117.0,4637.751822415145,4637.751822415145,1703,2,94.574,44750.35835950697
4097,,,,2112.0,4639.751822415145,4639.751822415145,1704,2,94.522,45622.642551786965
4098,,,,2108.0,4641.751822415145,4641.751822415145,1705,2,94.469,46494.21388952329
4099,,,,2103.0,4643.751822415145,4643.751822415145,1706,2,94.415,47365.042638142695
4100,,,,2100.0,4645.751822415145,4645.751822415145,1707,2,94.362,46481.58786435346
4101,,,,2097.0,4647.751822415145,4647.751822415145,1708,2,94.312,43845.496367115265
4102,,,,2090.0,4649.751822415145,4649.751822415145,1709,2,94.26,45594.2760341298
4103,,,,2086.0,4651.751822415145,4651.751822415145,1710,2,94.209,44712.26172515846
4104,,,,2084.0,4653.751822415145,4653.751822415145,1711,2,94.158,44707.27674617826
4105,,,,2080.0,4655.751822415145,4655.751822415145,1712,2,94.109,42949.696989186756
4106,,,,2077.0,4657.751822415145,4657.751822415145,1713,2,94.062,41193.32945425438
4107,,,,2072.0,4659.751822415145,4659.751822415145,1714,2,94.014,42066.59922012404
4108,,,,2065.0,4661.751822415145,4661.751822415145,1715,2,93.965,42939.26084545638
4109,,,,2059.0,4663.751822415145,4663.751822415145,1716,2,93.916,42935.28745121759
4110,,,,2057.0,4665.751822415145,4665.751822415145,1717,2,93.868,42055.369930581066
4111,,,,2056.0,4667.751822415145,4667.751822415145,1718,2,93.822,40300.15561925177
4112,,,,2056.0,4669.751822415145,4669.751822415145,1719,2,93.777,39421.834745998145
4113,,,,2052.0,4671.751822415145,4671.751822415145,1720,2,93.734,37668.20880683969
4114,,,,2049.0,4673.751822415145,4673.751822415145,1721,2,93.692,36791.2695808566
4115,,,,2050.0,4675.751822415145,4675.751822415145,1722,2,93.647,39417.78017966344
4116,,,,2049.0,4677.751822415145,4677.751822415145,1723,2,93.602,39415.69579479511
4117,,,,2048.0,4679.751822415145,4679.751822415145,1724,2,93.555,41164.87065590173
4118,,,,2044.0,4681.751822415145,4681.751822415145,1725,2,93.505,43788.42479505881
4119,,,,2042.0,4683.751822415145,4683.751822415145,1726,2,93.455,43783.71203593429
4120,,,,2039.0,4685.751822415145,4685.751822415145,1727,2,93.406,42903.62929312084
4121,,,,2035.0,4687.751822415145,4687.751822415145,1728,2,93.357,42899.43108688205
4122,,,,2033.0,4689.751822415145,4689.751822415145,1729,2,93.31,41144.82946143151
4123,,,,2029.0,4691.751822415145,4691.751822415145,1730,2,93.263,41141.64799988008
4124,,,,2026.0,4693.751822415145,4693.751822415145,1731,2,93.218,39388.299011812436
4125,,,,2024.0,4695.751822415145,4695.751822415145,1732,2,93.173,39386.06450693165
4126,,,,2022.0,4697.751822415145,4697.751822415145,1733,2,93.127,40258.79356773898
4127,,,,2021.0,4699.751822415145,4699.751822415145,1734,2,93.081,40256.043818014085
4128,,,,2021.0,4701.751822415145,4701.751822415145,1735,2,93.035,40253.277140314065
4129,,,,2022.0,4703.751822415145,4703.751822415145,1736,2,92.99,39375.69447441647
4130,,,,2024.0,4705.751822415145,4705.751822415145,1737,2,92.945,39373.37842953569
4131,,,,2023.0,4707.751822415145,4707.751822415145,1738,2,92.9,39371.04618464248
4132,,,,2018.0,4709.751822415145,4709.751822415145,1739,2,92.851,42867.21442751212
4133,,,,2017.0,4711.751822415145,4711.751822415145,1740,2,92.807,38490.07447321916
4134,,,,2018.0,4713.751822415145,4713.751822415145,1741,2,92.764,37613.63249581381
4135,,,,2012.0,4715.751822415145,4715.751822415145,1742,2,92.722,36737.649586366206
4136,,,,2008.0,4717.751822415145,4717.751822415145,1743,2,92.676,40234.4406091109
4137,,,,2003.0,4719.751822415145,4719.751822415145,1744,2,92.631,39357.13729303424
4138,,,,2000.0,4721.751822415145,4721.751822415145,1745,2,92.587,38480.350877937206
4139,,,,1997.0,4723.751822415145,4723.751822415145,1746,2,92.547,34981.08279564569
4140,,,,1996.0,4725.751822415145,4725.751822415145,1747,2,92.51,32357.737835018084
4141,,,,1998.0,4727.751822415145,4727.751822415145,1748,2,92.476,29735.308553129064
4142,,,,2000.0,4729.751822415145,4729.751822415145,1749,2,92.439,32360.276154955543
4143,,,,1998.0,4731.751822415145,4731.751822415145,1750,2,92.397,36733.11935360185
4144,,,,1997.0,4733.751822415145,4733.751822415145,1751,2,92.352,39355.0161947734
4145,,,,1998.0,4735.751822415145,4735.751822415145,1752,2,92.307,39352.463809892615
4146,,,,1995.0,4737.751822415145,4737.751822415145,1753,2,92.259,41972.53933708353
4147,,,,1995.0,4739.751822415145,4739.751822415145,1754,2,92.209,43716.626958861365
4148,,,,1994.0,4741.751822415145,4741.751822415145,1755,2,92.164,39341.29539393813
4149,,,,1989.0,4743.751822415145,4743.751822415145,1756,2,92.12,38464.69267704323
4150,,,,1982.0,4745.751822415145,4745.751822415145,1757,2,92.073,41084.31047503714
4151,,,,1977.0,4747.751822415145,4747.751822415145,1758,2,92.025,41954.47752013237
4152,,,,1974.0,4749.751822415145,4749.751822415145,1759,2,91.977,41950.26407174711
4153,,,,1969.0,4751.751822415145,4751.751822415145,1760,2,91.927,43693.308357469265
4154,,,,1964.0,4753.751822415145,4753.751822415145,1761,2,91.877,43687.929998369604
4155,,,,1961.0,4755.751822415145,4755.751822415145,1762,2,91.826,44555.939728691286
4156,,,,1958.0,4757.751822415145,4757.751822415145,1763,2,91.776,43676.63750495079
4157,,,,1953.0,4759.751822415145,4759.751822415145,1764,2,91.726,43671.19894583872
4158,,,,1951.0,4761.751822415145,4761.751822415145,1765,2,91.674,45411.87478000221
4159,,,,1949.0,4763.751822415145,4763.751822415145,1766,2,91.624,43659.30907726249
4160,,,,1947.0,4765.751822415145,4765.751822415145,1767,2,91.576,41908.115225591406
4161,,,,1945.0,4767.751822415145,4767.751822415145,1768,2,91.529,41030.9622798337
4162,,,,1942.0,4769.751822415145,4769.751822415145,1769,2,91.485,38408.97984120668
4163,,,,1937.0,4771.751822415145,4771.751822415145,1770,2,91.439,40151.92479672519
4164,,,,1934.0,4773.751822415145,4773.751822415145,1771,2,91.392,41021.12151386464
4165,,,,1930.0,4775.751822415145,4775.751822415145,1772,2,91.345,41017.20835631321
4166,,,,1926.0,4777.751822415145,4777.751822415145,1773,2,91.298,41013.27752676178
4167,,,,1923.0,4779.751822415145,4779.751822415145,1774,2,91.249,42753.93844040021
4168,,,,1919.0,4781.751822415145,4781.751822415145,1775,2,91.2,42748.866074136575
4169,,,,1914.0,4783.751822415145,4783.751822415145,1776,2,91.149,44487.930414346236
4170,,,,1910.0,4785.751822415145,4785.751822415145,1777,2,91.1,42737.725710289305
4171,,,,1904.0,4787.751822415145,4787.751822415145,1778,2,91.051,42732.59532802567
4172,,,,1899.0,4789.751822415145,4789.751822415145,1779,2,91.003,41855.686957344
4173,,,,1895.0,4791.751822415145,4791.751822415145,1780,2,90.953,43594.39972996603
4174,,,,1891.0,4793.751822415145,4793.751822415145,1781,2,90.906,40973.984895609436
4175,,,,1885.0,4795.751822415145,4795.751822415145,1782,2,90.858,41841.36164397598
4176,,,,1879.0,4797.751822415145,4797.751822415145,1783,2,90.811,40965.33046383527
4177,,,,1874.0,4799.751822415145,4799.751822415145,1784,2,90.764,40961.20204629622
4178,,,,1867.0,4801.751822415145,4801.751822415145,1785,2,90.717,40957.0559567324
4179,,,,1860.0,4803.751822415145,4803.751822415145,1786,2,90.671,40081.77503594823
4180,,,,1853.0,4805.751822415145,4805.751822415145,1787,2,90.624,40949.16250231324
4181,,,,1847.0,4807.751822415145,4807.751822415145,1788,2,90.575,42686.831301013655
4182,,,,1842.0,4809.751822415145,4809.751822415145,1789,2,90.53,39198.154670933756
4183,,,,1833.0,4811.751822415145,4811.751822415145,1790,2,90.486,38324.17898699453
4184,,,,1825.0,4813.751822415145,4813.751822415145,1791,2,90.436,43545.680360747174
4185,,,,1818.0,4815.751822415145,4815.751822415145,1792,2,90.389,40927.99119455608
4186,,,,1812.0,4817.751822415145,4817.751822415145,1793,2,90.342,40923.70391699227
4187,,,,1805.0,4819.751822415145,4819.751822415145,1794,2,90.295,40919.398967440844
4188,,,,1798.0,4821.751822415145,4821.751822415145,1795,2,90.247,41785.37844108039
4189,,,,1789.0,4823.751822415145,4823.751822415145,1796,2,90.2,40910.28261966668
4190,,,,1784.0,4825.751822415145,4825.751822415145,1797,2,90.152,41776.03164845997
4191,,,,1779.0,4827.751822415145,4827.751822415145,1798,2,90.105,40901.094831892515
4192,,,,1773.0,4829.751822415145,4829.751822415145,1799,2,90.058,40896.70114634108
4193,,,,1767.0,4831.751822415145,4831.751822415145,1800,2,90.009,42631.91371494031
4194,,,,1764.0,4833.751822415145,4833.751822415145,1801,2,89.963,40017.23921725577
4195,,,,1760.0,4835.751822415145,4835.751822415145,1802,2,89.919,38274.0472100633
4196,,,,1754.0,4837.751822415145,4837.751822415145,1803,2,89.873,40010.297480153815
4197,,,,1747.0,4839.751822415145,4839.751822415145,1804,2,89.825,41745.29870325071
4198,,,,1742.0,4841.751822415145,4841.751822415145,1805,2,89.775,43478.931365285534
4199,,,,1738.0,4843.751822415145,4843.751822415145,1806,2,89.728,40864.99521882212
4200,,,,1736.0,4845.751822415145,4845.751822415145,1807,2,89.681,40860.459969258336
4201,,,,1731.0,4847.751822415145,4847.751822415145,1808,2,89.633,41724.94897365995
4202,,,,1726.0,4849.751822415145,4849.751822415145,1809,2,89.586,40850.88057748417
4203,,,,1722.0,4851.751822415145,4851.751822415145,1810,2,89.54,39977.44525932231
4204,,,,1718.0,4853.751822415145,4853.751822415145,1811,2,89.496,38235.83769623807
4205,,,,1712.0,4855.751822415145,4855.751822415145,1812,2,89.452,38232.79139316933
4206,,,,1706.0,4857.751822415145,4857.751822415145,1813,2,89.41,36492.42267135573
4207,,,,1704.0,4859.751822415145,4859.751822415145,1814,2,89.367,37358.90961689742
4208,,,,1700.0,4861.751822415145,4861.751822415145,1815,2,89.324,37356.30568067048
4209,,,,1694.0,4863.751822415145,4863.751822415145,1816,2,89.279,39090.63000324803
4210,,,,1689.0,4865.751822415145,4865.751822415145,1817,2,89.233,39955.37410885002
4211,,,,1682.0,4867.751822415145,4867.751822415145,1818,2,89.186,40819.472382961365
4212,,,,1675.0,4869.751822415145,4869.751822415145,1819,2,89.137,42551.04895720399
4213,,,,1668.0,4871.751822415145,4871.751822415145,1820,2,89.088,42545.13045895275
4214,,,,1663.0,4873.751822415145,4873.751822415145,1821,2,89.04,41671.279901901165
4215,,,,1656.0,4875.751822415145,4875.751822415145,1822,2,88.993,40798.102037411445
4216,,,,1651.0,4877.751822415145,4877.751822415145,1823,2,88.949,38190.10425050195
4217,,,,1645.0,4879.751822415145,4879.751822415145,1824,2,88.902,40789.83084431017
4218,,,,1638.0,4881.751822415145,4881.751822415145,1825,2,88.856,39917.440260653704
4219,,,,1633.0,4883.751822415145,4883.751822415145,1826,2,88.81,39913.12595892892
4220,,,,1629.0,4885.751822415145,4885.751822415145,1827,2,88.762,41643.49068527688
4221,,,,1622.0,4887.751822415145,4887.751822415145,1828,2,88.714,41638.01483687919
4222,,,,1616.0,4889.751822415145,4889.751822415145,1829,2,88.66,46835.00134645123
4223,,,,1610.0,4891.751822415145,4891.751822415145,1830,2,88.604,48559.36372271924
4224,,,,1606.0,4893.751822415145,4893.751822415145,1831,2,88.549,47681.85491279066
4225,,,,1604.0,4895.751822415145,4895.751822415145,1832,2,88.496,45938.72421418289
4226,,,,1600.0,4897.751822415145,4897.751822415145,1833,2,88.442,46796.31424554429
4227,,,,1597.0,4899.751822415145,4899.751822415145,1834,2,88.39,45054.51154158188
4228,,,,1594.0,4901.751822415145,4901.751822415145,1835,2,88.339,44180.36658900559
4229,,,,1593.0,4903.751822415145,4903.751822415145,1836,2,88.286,45904.63377860362
4230,,,,1597.0,4905.751822415145,4905.751822415145,1837,2,88.234,45030.09220802732
4231,,,,1601.0,4907.751822415145,4907.751822415145,1838,2,88.181,45887.45500082013
4232,,,,1604.0,4909.751822415145,4909.751822415145,1839,2,88.128,45878.572005081805
4233,,,,1605.0,4911.751822415145,4911.751822415145,1840,2,88.076,45004.456542081396
4234,,,,1608.0,4913.751822415145,4913.751822415145,1841,2,88.028,41535.90484484992
4235,,,,1610.0,4915.751822415145,4915.751822415145,1842,2,87.988,34610.03891097438
4236,,,,1613.0,4917.751822415145,4917.751822415145,1843,2,87.95,32878.33796501603
4237,,,,1612.0,4919.751822415145,4919.751822415145,1844,2,87.915,30282.425398713436
4238,,,,1616.0,4921.751822415145,4921.751822415145,1845,2,87.883,27687.492060071254
4239,,,,1617.0,4923.751822415145,4923.751822415145,1846,2,87.849,29418.8656787193
4240,,,,1621.0,4925.751822415145,4925.751822415145,1847,2,87.814,30284.531983341254
4241,,,,1625.0,4927.751822415145,4927.751822415145,1848,2,87.776,32880.02981491641
4242,,,,1632.0,4929.751822415145,4929.751822415145,1849,2,87.737,33744.1857326957
4243,,,,1640.0,4931.751822415145,4931.751822415145,1850,2,87.7,32012.834545347712
4244,,,,1645.0,4933.751822415145,4933.751822415145,1851,2,87.664,31147.288365097524
4245,,,,1647.0,4935.751822415145,4935.751822415145,1852,2,87.629,30282.096047228682
4246,,,,1652.0,4937.751822415145,4937.751822415145,1853,2,87.593,31147.29899378134
4247,,,,1658.0,4939.751822415145,4939.751822415145,1854,2,87.562,26821.889144113982
4248,,,,1665.0,4941.751822415145,4941.751822415145,1855,2,87.544,15575.947103085466
4249,,,,1671.0,4943.751822415145,4943.751822415145,1856,2,87.543,865.5866753230329
4255,,,,1697.0,4955.751822415145,4955.751822415145,1862,2,87.519,20821.531812856156
4256,,,,1702.0,4957.751822415145,4957.751822415145,1863,2,87.488,26896.87946875276
4257,,,,1708.0,4959.751822415145,4959.751822415145,1864,2,87.455,28633.237481270586
4258,,,,1716.0,4961.751822415145,4961.751822415145,1865,2,87.42,30369.02224806674
4259,,,,1721.0,4963.751822415145,4963.751822415145,1866,2,87.387,28634.052639091587
4260,,,,1722.0,4965.751822415145,4965.751822415145,1867,2,87.361,22561.635186045194
4261,,,,1726.0,4967.751822415145,4967.751822415145,1868,2,87.348,11282.842390854797
4269,,,,1752.0,4983.751822415145,4983.751822415145,1876,2,87.322,22633.310201349323
4270,,,,1754.0,4985.751822415145,4985.751822415145,1877,2,87.284,33080.602942772646
4271,,,,1757.0,4987.751822415145,4987.751822415145,1878,2,87.244,34820.094002504266
4272,,,,1764.0,4989.751822415145,4989.751822415145,1879,2,87.214,26115.063703048032
4273,,,,1767.0,4991.751822415145,4991.751822415145,1880,2,87.198,13929.942701621776
4274,,,,1770.0,4993.751822415145,4993.751822415145,1881,2,87.197,870.8853490618716
4280,,,,1792.0,5005.751822415145,5005.751822415145,1887,2,87.171,22693.916278039713
4281,,,,1793.0,5007.751822415145,5007.751822415145,1888,2,87.134,32296.41871203002
4282,,,,1798.0,5009.751822415145,5009.751822415145,1889,2,87.101,28804.845589691686
4283,,,,1801.0,5011.751822415145,5011.751822415145,1890,2,87.078,20077.66417555492
4284,,,,1802.0,5013.751822415145,5013.751822415145,1891,2,87.075,2619.4797633872936
4290,,,,1818.0,5025.751822415145,5025.751822415145,1897,2,87.055,17502.683296739506
4291,,,,1820.0,5027.751822415145,5027.751822415145,1898,2,87.027,24506.75059699593
4292,,,,1821.0,5029.751822415145,5029.751822415145,1899,2,87.001,22758.258903929553
4293,,,,1820.0,5031.751822415145,5031.751822415145,1900,2,86.976,21885.22717021297
4294,,,,1817.0,5033.751822415145,5033.751822415145,1901,2,86.953,20136.854676576026
4295,,,,1817.0,5035.751822415145,5035.751822415145,1902,2,86.931,19264.00673755925
4296,,,,1820.0,5037.751822415145,5037.751822415145,1903,2,86.899,28022.796777290503
4297,,,,1817.0,5039.751822415145,5039.751822415145,1904,2,86.855,38529.789678681846
4298,,,,1827.0,5041.751822415145,5041.751822415145,1905,2,86.811,38525.558367625454
4299,,,,1837.0,5043.751822415145,5043.751822415145,1906,2,86.784,23640.39263552914
4300,,,,1837.0,5045.751822415145,5045.751822415145,1907,2,86.767,14886.819667052367
4301,,,,1837.0,5047.751822415145,5047.751822415145,1908,2,86.763,3503.745494966635
4302,,,,1850.0,5049.751822415145,5049.751822415145,1909,2,86.74,20151.38308023245
4303,,,,1855.0,5051.751822415145,5051.751822415145,1910,2,86.699,35923.002157439485
4304,,,,1858.0,5053.751822415145,5053.751822415145,1911,2,86.649,43802.888545598544
4305,,,,1864.0,5055.751822415145,5055.751822415145,1912,2,86.613,31534.90820119174
4306,,,,1868.0,5057.751822415145,5057.751822415145,1913,2,86.595,15768.775397824482
4311,,,,1891.0,5067.751822415145,5067.751822415145,1918,2,86.591,3510.6546684714476
4312,,,,1896.0,5069.751822415145,5069.751822415145,1919,2,86.555,31601.060965568864
4313,,,,1899.0,5071.751822415145,5071.751822415145,1920,2,86.509,40375.93224015061
4314,,,,1903.0,5073.751822415145,5073.751822415145,1921,2,86.464,39492.99332903917
4315,,,,1905.0,5075.751822415145,5075.751822415145,1922,2,86.439,21940.317933781134
4316,,,,1910.0,5077.751822415145,5077.751822415145,1923,2,86.431,7022.327660323357
4320,,,,1924.0,5085.751822415145,5085.751822415145,1927,2,86.396,30763.433057435985
4321,,,,1927.0,5087.751822415145,5087.751822415145,1928,2,86.348,42186.17283894313
4322,,,,1935.0,5089.751822415145,5089.751822415145,1929,2,86.308,35151.04762602938
4323,,,,1942.0,5091.751822415145,5091.751822415145,1930,2,86.287,18455.029021585284
4324,,,,1943.0,5093.751822415145,5093.751822415145,1931,2,86.286,879.0440332538462
4329,,,,1964.0,5103.751822415145,5103.751822415145,1936,2,86.259,23776.925171363677
4330,,,,1971.0,5105.751822415145,5105.751822415145,1937,2,86.213,40507.56450252261
4331,,,,1976.0,5107.751822415145,5107.751822415145,1938,2,86.175,33459.57460417217
4332,,,,1981.0,5109.751822415145,5109.751822415145,1939,2,86.152,20252.608652927294
4333,,,,1983.0,5111.751822415145,5111.751822415145,1940,2,86.14,10568.567339851003
4339,,,,2009.0,5123.751822415145,5123.751822415145,1946,2,86.104,31771.27832040388
4340,,,,2012.0,5125.751822415145,5125.751822415145,1947,2,86.062,37064.16790683429
4341,,,,2018.0,5127.751822415145,5127.751822415145,1948,2,86.035,23826.70904531974
4342,,,,2020.0,5129.751822415145,5129.751822415145,1949,2,86.019,14121.509120853221
4343,,,,2024.0,5131.751822415145,5131.751822415145,1950,2,86.014,4414.153306336255
4347,,,,2040.0,5139.751822415145,5139.751822415145,1954,2,85.98,30056.220148104763
4348,,,,2044.0,5141.751822415145,5141.751822415145,1955,2,85.934,40661.199648744885
4349,,,,2049.0,5143.751822415145,5143.751822415145,1956,2,85.917,15027.30120537209
4353,,,,2065.0,5151.751822415145,5151.751822415145,1960,2,85.897,17702.861752325196
4354,,,,2070.0,5153.751822415145,5153.751822415145,1961,2,85.859,33637.13632441762
4355,,,,2072.0,5155.751822415145,5155.751822415145,1962,2,85.816,38059.88884685722
4356,,,,2076.0,5157.751822415145,5157.751822415145,1963,2,85.779,32746.643686796528
4357,,,,2078.0,5159.751822415145,5159.751822415145,1964,2,85.745,30090.72323398256
4358,,,,2078.0,5161.751822415145,5161.751822415145,1965,2,85.712,29205.609913123615
4359,,,,2076.0,5163.751822415145,5163.751822415145,1966,2,85.672,35399.37769331742
4360,,,,2076.0,5165.751822415145,5165.751822415145,1967,2,85.627,39819.965464256646
4361,,,,2076.0,5167.751822415145,5167.751822415145,1968,2,85.583,38929.914738687956
4362,,,,2077.0,5169.751822415145,5169.751822415145,1969,2,85.54,38040.52796760038
4363,,,,2077.0,5171.751822415145,5171.751822415145,1970,2,85.499,36267.42165812638
4364,,,,2074.0,5173.751822415145,5173.751822415145,1971,2,85.454,39801.07778838164
4365,,,,2075.0,5175.751822415145,5175.751822415145,1972,2,85.408,40679.608162542005
4366,,,,2076.0,5177.751822415145,5177.751822415145,1973,2,85.361,41557.37654521195
4367,,,,2077.0,5179.751822415145,5179.751822415145,1974,2,85.318,38015.2190358194
4368,,,,2075.0,5181.751822415145,5181.751822415145,1975,2,85.273,39778.2101311945
4369,,,,2072.0,5183.751822415145,5183.751822415145,1976,2,85.227,40656.16554319515
4370,,,,2071.0,5185.751822415145,5185.751822415145,1977,2,85.181,40649.90544149525
4371,,,,2072.0,5187.751822415145,5187.751822415145,1978,2,85.137,38876.97065516181
4372,,,,2077.0,5189.751822415145,5189.751822415145,1979,2,85.096,36222.147901390286
4373,,,,2082.0,5191.751822415145,5191.751822415145,1980,2,85.058,33569.0989044637
4374,,,,2085.0,5193.751822415145,5193.751822415145,1981,2,85.02,33567.03105321312
4375,,,,2084.0,5195.751822415145,5195.751822415145,1982,2,84.982,33564.95164993743
4376,,,,2083.0,5197.751822415145,5197.751822415145,1983,2,84.943,34445.89115853315
4377,,,,2084.0,5199.751822415145,5199.751822415145,1984,2,84.902,36209.225779399305
4378,,,,2085.0,5201.751822415145,5201.751822415145,1985,2,84.86,37088.51130082868
4379,,,,2084.0,5203.751822415145,5203.751822415145,1986,2,84.818,37084.4124723992
4380,,,,2082.0,5205.751822415145,5205.751822415145,1987,2,84.774,38845.56997494658
4381,,,,2080.0,5207.751822415145,5207.751822415145,1988,2,84.729,39722.83007196905
4382,,,,2078.0,5209.751822415145,5209.751822415145,1989,2,84.682,41481.69550139448
4383,,,,2077.0,5211.751822415145,5211.751822415145,1990,2,84.632,44121.12740301739
4384,,,,2072.0,5213.751822415145,5213.751822415145,1991,2,84.583,43230.00571687478
4385,,,,2065.0,5215.751822415145,5215.751822415145,1992,2,84.535,42339.72080175542
4386,,,,2058.0,5217.751822415145,5217.751822415145,1993,2,84.484,44976.85895891376
4387,,,,2052.0,5219.751822415145,5219.751822415145,1994,2,84.435,43204.047646429935
4388,,,,2046.0,5221.751822415145,5221.751822415145,1995,2,84.386,43195.52685619123
4389,,,,2037.0,5223.751822415145,5223.751822415145,1996,2,84.337,43186.98685792746
4390,,,,2030.0,5225.751822415145,5225.751822415145,1997,2,84.285,45821.189637568816
4391,,,,2025.0,5227.751822415145,5227.751822415145,1998,2,84.233,45810.45464370067
4392,,,,2021.0,5229.751822415145,5229.751822415145,1999,2,84.181,45799.69801785757
4393,,,,2020.0,5231.751822415145,5231.751822415145,2000,2,84.13,44908.630430109995
4394,,,,2017.0,5233.751822415145,5233.751822415145,2001,2,84.084,40497.95513655729
4395,,,,2014.0,5235.751822415145,5235.751822415145,2002,2,84.037,41371.27211040146
4396,,,,2010.0,5237.751822415145,5237.751822415145,2003,2,83.989,42243.76741023171
4397,,,,2010.0,5239.751822415145,5239.751822415145,2004,2,83.941,42235.75312983402
4398,,,,2008.0,5241.751822415145,5241.751822415145,2005,2,83.895,40468.714307881644
4399,,,,2004.0,5243.751822415145,5243.751822415145,2006,2,83.847,42220.67607338854
4400,,,,1998.0,5245.751822415145,5245.751822415145,2007,2,83.797,43970.94092584573
4401,,,,1995.0,5247.751822415145,5247.751822415145,2008,2,83.747,43961.46656673366
4402,,,,1991.0,5249.751822415145,5249.751822415145,2009,2,83.698,43073.19000131669
4403,,,,1986.0,5251.751822415145,5251.751822415145,2010,2,83.646,45700.15616244589
4404,,,,1984.0,5253.751822415145,5253.751822415145,2011,2,83.595,44810.7781351608
4405,,,,1983.0,5255.751822415145,5255.751822415145,2012,2,83.546,43044.12915215751
4406,,,,1977.0,5257.751822415145,5257.751822415145,2013,2,83.498,42157.242980330346
4407,,,,1972.0,5259.751822415145,5259.751822415145,2014,2,83.449,43026.889587346115
4408,,,,1963.0,5261.751822415145,5261.751822415145,2015,2,83.399,43895.63840331361
4409,,,,1956.0,5263.751822415145,5263.751822415145,2016,2,83.347,45640.89719178855
4410,,,,1954.0,5265.751822415145,5265.751822415145,2017,2,83.297,43875.29733472498
4411,,,,1951.0,5267.751822415145,5267.751822415145,2018,2,83.245,45619.7000484439
4412,,,,1950.0,5269.751822415145,5269.751822415145,2019,2,83.196,42978.03539066115
4413,,,,1947.0,5271.751822415145,5271.751822415145,2020,2,83.15,40339.00211796083
4414,,,,1939.0,5273.751822415145,5273.751822415145,2021,2,83.105,39455.44241560485
4415,,,,1932.0,5275.751822415145,5275.751822415145,2022,2,83.054,44707.29600009628
4416,,,,1929.0,5277.751822415145,5277.751822415145,2023,2,83.004,43820.645606328224
4417,,,,1925.0,5279.751822415145,5279.751822415145,2024,2,82.957,41182.94593340234
4418,,,,1924.0,5281.751822415145,5281.751822415145,2025,2,82.91,41175.21148783845
4419,,,,1922.0,5283.751822415145,5283.751822415145,2026,2,82.865,39416.12812624068
4420,,,,1917.0,5285.751822415145,5285.751822415145,2027,2,82.82,39409.64058135989
4421,,,,1914.0,5287.751822415145,5287.751822415145,2028,2,82.776,38527.74423452228
4422,,,,1909.0,5289.751822415145,5289.751822415145,2029,2,82.734,36771.28661337448
4423,,,,1902.0,5291.751822415145,5291.751822415145,2030,2,82.69,38516.841152730245
4424,,,,1895.0,5293.751822415145,5293.751822415145,2031,2,82.645,39385.910590156855
4425,,,,1889.0,5295.751822415145,5295.751822415145,2032,2,82.599,40254.19585057897
4426,,,,1886.0,5297.751822415145,5297.751822415145,2033,2,82.555,38497.57579707996
4427,,,,1882.0,5299.751822415145,5299.751822415145,2034,2,82.512,37617.0077650414
4428,,,,1877.0,5301.751822415145,5301.751822415145,2035,2,82.467,39360.49712596177
4429,,,,1872.0,5303.751822415145,5303.751822415145,2036,2,82.421,40228.15140273511
4430,,,,1868.0,5305.751822415145,5305.751822415145,2037,2,82.372,42843.18724349746
4431,,,,1864.0,5307.751822415145,5307.751822415145,2038,2,82.324,41959.94371893686
4432,,,,1859.0,5309.751822415145,5309.751822415145,2039,2,82.277,41077.55160690112
4433,,,,1855.0,5311.751822415145,5311.751822415145,2040,2,82.231,40195.98076489171
4434,,,,1849.0,5313.751822415145,5313.751822415145,2041,2,82.187,38441.763674062866
4435,,,,1843.0,5315.751822415145,5315.751822415145,2042,2,82.143,38435.649867006476
4436,,,,1836.0,5317.751822415145,5317.751822415145,2043,2,82.097,40175.82772842498
4437,,,,1827.0,5319.751822415145,5319.751822415145,2044,2,82.048,42787.32248161972
4438,,,,1819.0,5321.751822415145,5321.751822415145,2045,2,81.996,45396.0757097319
4439,,,,1812.0,5323.751822415145,5323.751822415145,2046,2,81.946,43639.3260635167
4440,,,,1807.0,5325.751822415145,5325.751822415145,2047,2,81.896,43629.091504404634
4441,,,,1803.0,5327.751822415145,5327.751822415145,2048,2,81.848,41874.594931659776
4442,,,,1796.0,5329.751822415145,5329.751822415145,2049,2,81.8,41865.75485926208
4443,,,,1788.0,5331.751822415145,5331.751822415145,2050,2,81.751,42728.65377307651
4444,,,,1781.0,5333.751822415145,5333.751822415145,2051,2,81.7,44462.16052540616
4445,,,,1775.0,5335.751822415145,5335.751822415145,2052,2,81.651,42708.41940122923
4446,,,,1771.0,5337.751822415145,5337.751822415145,2053,2,81.6,44441.05946081752
4447,,,,1767.0,5339.751822415145,5339.751822415145,2054,2,81.55,43559.02549134907
4448,,,,1762.0,5341.751822415145,5341.751822415145,2055,2,81.5,43548.631732236994
4449,,,,1754.0,5343.751822415145,5343.751822415145,2056,2,81.449,44408.70980124868
4450,,,,1747.0,5345.751822415145,5345.751822415145,2057,2,81.398,44397.52199826848
4451,,,,1742.0,5347.751822415145,5347.751822415145,2058,2,81.347,44386.313387288275
4452,,,,1738.0,5349.751822415145,5349.751822415145,2059,2,81.302,39155.93028736916
4453,,,,1731.0,5351.751822415145,5351.751822415145,2060,2,81.256,40018.62334642105
4454,,,,1725.0,5353.751822415145,5353.751822415145,2061,2,81.21,40010.92160470859
4455,,,,1723.0,5355.751822415145,5355.751822415145,2062,2,81.166,38264.40454832252
4456,,,,1724.0,5357.751822415145,5357.751822415145,2063,2,81.125,35650.11094147186
4457,,,,1722.0,5359.751822415145,5359.751822415145,2064,2,81.086,33907.01741176683
4458,,,,1718.0,5361.751822415145,5361.751822415145,2065,2,81.05,31295.987765248858
4459,,,,1718.0,5363.751822415145,5363.751822415145,2066,2,81.016,29555.581296945005
4460,,,,1721.0,5365.751822415145,5365.751822415145,2067,2,80.981,30423.249429161908
4461,,,,1726.0,5367.751822415145,5367.751822415145,2068,2,80.942,33897.336655297455
4462,,,,1731.0,5369.751822415145,5369.751822415145,2069,2,80.899,37368.97820172723
4463,,,,1738.0,5371.751822415145,5371.751822415145,2070,2,80.855,38231.70314844667
4464,,,,1745.0,5373.751822415145,5373.751822415145,2071,2,80.809,39962.141872476044
4465,,,,1751.0,5375.751822415145,5375.751822415145,2072,2,80.762,40822.58309187099
4466,,,,1760.0,5377.751822415145,5377.751822415145,2073,2,80.717,39077.72939393137
4467,,,,1770.0,5379.751822415145,5379.751822415145,2074,2,80.677,34730.38662506789
4468,,,,1777.0,5381.751822415145,5381.751822415145,2075,2,80.651,22573.908708180435
4473,,,,1816.0,5391.751822415145,5391.751822415145,2080,2,80.627,20869.702809972066
4474,,,,1826.0,5393.751822415145,5393.751822415145,2081,2,80.586,35651.259414424756
4475,,,,1835.0,5395.751822415145,5395.751822415145,2082,2,80.551,30430.93414929486
4476,,,,1841.0,5397.751822415145,5397.751822415145,2083,2,80.539,10434.286092874665
4481,,,,1882.0,5407.751822415145,5407.751822415145,2088,2,80.526,11322.994114609395
4482,,,,1888.0,5409.751822415145,5409.751822415145,2089,2,80.488,33099.73963750251
4483,,,,1895.0,5411.751822415145,5411.751822415145,2090,2,80.45,33096.34756223938
4484,,,,1904.0,5413.751822415145,5413.751822415145,2091,2,80.429,18290.138568205544
4485,,,,1911.0,5415.751822415145,5415.751822415145,2092,2,80.425,3484.5813745753217
4490,,,,1949.0,5425.751822415145,5425.751822415145,2097,2,80.419,5236.197756747448
4491,,,,1956.0,5427.751822415145,5427.751822415145,2098,2,80.377,36655.952845558146
4492,,,,1961.0,5429.751822415145,5429.751822415145,2099,2,80.354,20072.777123874628
4497,,,,1999.0,5439.751822415145,5439.751822415145,2104,2,80.338,13985.993597565222
4498,,,,2004.0,5441.751822415145,5441.751822415145,2105,2,80.301,32343.830127027966
4499,,,,2012.0,5443.751822415145,5443.751822415145,2106,2,80.261,34962.387204430284
4500,,,,2020.0,5445.751822415145,5445.751822415145,2107,2,80.222,34084.07299895063
4501,,,,2025.0,5447.751822415145,5447.751822415145,2108,2,80.201,18352.838502754097
4502,,,,2032.0,5449.751822415145,5449.751822415145,2109,2,80.196,4370.6192152956355
4511,,,,2082.0,5467.751822415145,5467.751822415145,2118,2,80.186,8769.289727817883
4512,,,,2092.0,5469.751822415145,5469.751822415145,2119,2,80.149,32448.728362541882
4513,,,,2094.0,5471.751822415145,5471.751822415145,2120,2,80.112,32445.611496052108
4514,,,,2098.0,5473.751822415145,5473.751822415145,2121,2,80.067,39455.10419232009
4515,,,,2104.0,5475.751822415145,5475.751822415145,2122,2,80.025,36818.21055166053
4516,,,,2112.0,5477.751822415145,5477.751822415145,2123,2,79.985,35059.80276419138
4517,,,,2119.0,5479.751822415145,5479.751822415145,2124,2,79.947,33302.73140157208
4518,,,,2122.0,5481.751822415145,5481.751822415145,2125,2,79.909,33299.054934308944
4519,,,,2126.0,5483.751822415145,5483.751822415145,2126,2,79.869,35047.31594727936
4520,,,,2132.0,5485.751822415145,5485.751822415145,2127,2,79.832,32414.96191629166
4521,,,,2136.0,5487.751822415145,5487.751822415145,2128,2,79.795,32411.754325789436
4522,,,,2143.0,5489.751822415145,5489.751822415145,2129,2,79.759,31532.827041851735
4523,,,,2146.0,5491.751822415145,5491.751822415145,2130,2,79.728,27151.75370995243
4524,,,,2149.0,5493.751822415145,5493.751822415145,2131,2,79.696,28026.748497171702
4525,,,,2155.0,5495.751822415145,5495.751822415145,2132,2,79.663,28901.317984053516
4526,,,,2161.0,5497.751822415145,5497.751822415145,2133,2,79.63,28899.861574584294
4527,,,,2165.0,5499.751822415145,5499.751822415145,2134,2,79.596,29773.918444972547
4528,,,,2169.0,5501.751822415145,5501.751822415145,2135,2,79.557,34149.19200392196
4529,,,,2177.0,5503.751822415145,5503.751822415145,2136,2,79.52,32394.252160215736
4530,,,,2180.0,5505.751822415145,5505.751822415145,2137,2,79.484,31515.716259767913
4531,,,,2179.0,5507.751822415145,5507.751822415145,2138,2,79.448,31512.888455044213
4532,,,,2180.0,5509.751822415145,5509.751822415145,2139,2,79.413,30634.963949121247
4533,,,,2179.0,5511.751822415145,5511.751822415145,2140,2,79.378,30632.580427156332
4534,,,,2179.0,5513.751822415145,5513.751822415145,2141,2,79.34,33255.00314650042
4535,,,,2181.0,5515.751822415145,5515.751822415145,2142,2,79.3,35000.75476432302
4536,,,,2187.0,5517.751822415145,5517.751822415145,2143,2,79.258,36745.11512525842
4537,,,,2196.0,5519.751822415145,5519.751822415145,2144,2,79.216,36738.96031282894
4538,,,,2205.0,5521.751822415145,5521.751822415145,2145,2,79.174,36732.79138838703
4539,,,,2216.0,5523.751822415145,5523.751822415145,2146,2,79.134,34978.16414012134
4540,,,,2224.0,5525.751822415145,5525.751822415145,2147,2,79.112,19237.418703582825
4545,,,,2269.0,5535.751822415145,5535.751822415145,2152,2,79.08,28022.772873324808
4546,,,,2278.0,5537.751822415145,5537.751822415145,2153,2,79.039,35900.574996744086
4547,,,,2286.0,5539.751822415145,5539.751822415145,2154,2,79.007,28017.139728810485
4548,,,,2297.0,5541.751822415145,5541.751822415145,2155,2,78.994,11382.83028601898
4554,,,,2347.0,5553.751822415145,5553.751822415145,2161,2,78.969,21932.182478109076
4555,,,,2354.0,5555.751822415145,5555.751822415145,2162,2,78.932,32458.57443490635
4556,,,,2363.0,5557.751822415145,5557.751822415145,2163,2,78.89,36839.69134092393
4557,,,,2371.0,5559.751822415145,5559.751822415145,2164,2,78.849,35956.577401350856
4558,,,,2383.0,5561.751822415145,5561.751822415145,2165,2,78.826,20169.832027793156
4559,,,,2391.0,5563.751822415145,5563.751822415145,2166,2,78.821,4385.543917737413
4564,,,,2435.0,5573.751822415145,5573.751822415145,2171,2,78.816,4393.147580146286
4565,,,,2443.0,5575.751822415145,5575.751822415145,2172,2,78.775,36026.22052329244
4566,,,,2454.0,5577.751822415145,5577.751822415145,2173,2,78.734,36020.39058367796
4567,,,,2461.0,5579.751822415145,5579.751822415145,2174,2,78.702,28110.52185323693
4568,,,,2468.0,5581.751822415145,5581.751822415145,2175,2,78.691,9663.815310435462
4575,,,,2518.0,5595.751822415145,5595.751822415145,2182,2,78.687,3522.592921236508
4576,,,,2523.0,5597.751822415145,5597.751822415145,2183,2,78.649,33467.65946779445
4577,,,,2531.0,5599.751822415145,5599.751822415145,2184,2,78.602,41386.628969847785
4578,,,,2544.0,5601.751822415145,5601.751822415145,2185,2,78.567,30814.760626210318
4579,,,,2553.0,5603.751822415145,5603.751822415145,2186,2,78.551,14087.204461339757
4585,,,,2597.0,5615.751822415145,5615.751822415145,2192,2,78.532,16760.64372689314
4586,,,,2601.0,5617.751822415145,5617.751822415145,2193,2,78.486,40576.055159984324
4587,,,,2610.0,5619.751822415145,5619.751822415145,2194,2,78.443,37921.78745081643
4588,,,,2620.0,5621.751822415145,5621.751822415145,2195,2,78.41,29099.025073843433
4589,,,,2626.0,5623.751822415145,5623.751822415145,2196,2,78.396,12345.7323957151
4594,,,,2652.0,5633.751822415145,5633.751822415145,2201,2,78.368,24728.74517929958
4595,,,,2658.0,5635.751822415145,5635.751822415145,2202,2,78.327,36206.85940434418
4596,,,,2666.0,5637.751822415145,5637.751822415145,2203,2,78.301,22958.77460346891
4597,,,,2669.0,5639.751822415145,5639.751822415145,2204,2,78.295,5298.975458297734
4604,,,,2710.0,5653.751822415145,5653.751822415145,2211,2,78.287,7082.206142855342
4605,,,,2717.0,5655.751822415145,5655.751822415145,2212,2,78.243,38952.97264156614
4606,,,,2727.0,5657.751822415145,5657.751822415145,2213,2,78.202,36290.20633816442
4607,,,,2734.0,5659.751822415145,5659.751822415145,2214,2,78.172,26551.140944351384
4608,,,,2736.0,5661.751822415145,5661.751822415145,2215,2,78.153,16816.393719134157
4616,,,,2765.0,5677.751822415145,5677.751822415145,2223,2,78.149,3549.775861392867
4617,,,,2771.0,5679.751822415145,5679.751822415145,2224,2,78.114,31063.727065909
4618,,,,2775.0,5681.751822415145,5681.751822415145,2225,2,78.074,35496.85814558062
4619,,,,2778.0,5683.751822415145,5683.751822415145,2226,2,78.036,33717.03888589175
4620,,,,2785.0,5685.751822415145,5685.751822415145,2227,2,78.004,28390.550859825973
4621,,,,2789.0,5687.751822415145,5687.751822415145,2228,2,77.976,24840.914819293946
4622,,,,2790.0,5689.751822415145,5689.751822415145,2229,2,77.955,18631.38251984204
4623,,,,2798.0,5691.751822415145,5691.751822415145,2230,2,77.948,6211.528290594358
4630,,,,2817.0,5705.751822415145,5705.751822415145,2237,2,77.912,32014.745245487058
4631,,,,2818.0,5707.751822415145,5707.751822415145,2238,2,77.872,35567.0563961304
4632,,,,2819.0,5709.751822415145,5709.751822415145,2239,2,77.834,33783.61945591403
4633,,,,2823.0,5711.751822415145,5711.751822415145,2240,2,77.798,32001.528946541315
4634,,,,2828.0,5713.751822415145,5713.751822415145,2241,2,77.763,31109.293153632254
4635,,,,2826.0,5715.751822415145,5715.751822415145,2242,2,77.725,33771.771135829775
4636,,,,2820.0,5717.751822415145,5717.751822415145,2243,2,77.683,37320.54375914029
4637,,,,2818.0,5719.751822415145,5719.751822415145,2244,2,77.64,38201.58752946412
4638,,,,2819.0,5721.751822415145,5721.751822415145,2245,2,77.601,34641.768511879745
4639,,,,2817.0,5723.751822415145,5723.751822415145,2246,2,77.564,32860.660206432156
4640,,,,2811.0,5725.751822415145,5725.751822415145,2247,2,77.523,36407.576588195974
4641,,,,2807.0,5727.751822415145,5727.751822415145,2248,2,77.477,40838.87049381313
4642,,,,2807.0,5729.751822415145,5729.751822415145,2249,2,77.429,42603.50091854756
4643,,,,2806.0,5731.751822415145,5731.751822415145,2250,2,77.38,43479.0116259429
4644,,,,2802.0,5733.751822415145,5733.751822415145,2251,2,77.335,39919.38359422467
4645,,,,2798.0,5735.751822415145,5735.751822415145,2252,2,77.289,40796.70493029264
4646,,,,2792.0,5737.751822415145,5737.751822415145,2253,2,77.241,42559.42987765661
4647,,,,2787.0,5739.751822415145,5739.751822415145,2254,2,77.188,46978.35911173625
4648,,,,2785.0,5741.751822415145,5741.751822415145,2255,2,77.135,46962.47142399793
4649,,,,2784.0,5743.751822415145,5743.751822415145,2256,2,77.083,46061.07576456533
4650,,,,2781.0,5745.751822415145,5745.751822415145,2257,2,77.032,45160.83364768873
4651,,,,2777.0,5747.751822415145,5747.751822415145,2258,2,76.98,46031.58319103103
4652,,,,2775.0,5749.751822415145,5749.751822415145,2259,2,76.928,46016.50578118799
4653,,,,2774.0,5751.751822415145,5751.751822415145,2260,2,76.878,44232.697039916675
4654,,,,2774.0,5753.751822415145,5753.751822415145,2261,2,76.83,42451.08888575139
4655,,,,2772.0,5755.751822415145,5755.751822415145,2262,2,76.784,40671.546780623255
4656,,,,2768.0,5757.751822415145,5757.751822415145,2263,2,76.736,42428.64286930592
4657,,,,2766.0,5759.751822415145,5759.751822415145,2264,2,76.687,43300.24178867537
4658,,,,2763.0,5761.751822415145,5761.751822415145,2265,2,76.64,41521.309718743396
4659,,,,2761.0,5763.751822415145,5763.751822415145,2266,2,76.592,42393.17852411285
4660,,,,2758.0,5765.751822415145,5765.751822415145,2267,2,76.546,40615.96231871966
4661,,,,2754.0,5767.751822415145,5767.751822415145,2268,2,76.498,42370.55087566738
4662,,,,2751.0,5769.751822415145,5769.751822415145,2269,2,76.449,43240.84536716935
4663,,,,2748.0,5771.751822415145,5771.751822415145,2270,2,76.401,42346.188770697045
4664,,,,2745.0,5773.751822415145,5773.751822415145,2271,2,76.352,43215.93769433293
4665,,,,2742.0,5775.751822415145,5775.751822415145,2272,2,76.303,43203.17232809423
4666,,,,2740.0,5777.751822415145,5777.751822415145,2273,2,76.254,43190.387753830466
4667,,,,2739.0,5779.751822415145,5779.751822415145,2274,2,76.206,42296.68621658143
4668,,,,2737.0,5781.751822415145,5781.751822415145,2275,2,76.158,42284.68006418374
4669,,,,2733.0,5783.751822415145,5783.751822415145,2276,2,76.11,42272.65547978605
4670,,,,2729.0,5785.751822415145,5785.751822415145,2277,2,76.061,43140.758387861315
4671,,,,2726.0,5787.751822415145,5787.751822415145,2278,2,76.01,44887.60957671288
4672,,,,2723.0,5789.751822415145,5789.751822415145,2279,2,75.959,44873.00252973267
4673,,,,2721.0,5791.751822415145,5791.751822415145,2280,2,75.908,44858.374674752464
4674,,,,2719.0,5793.751822415145,5793.751822415145,2281,2,75.857,44843.72601177226
4675,,,,2717.0,5795.751822415145,5795.751822415145,2282,2,75.807,43950.34521973603
4676,,,,2715.0,5797.751822415145,5797.751822415145,2283,2,75.757,43936.52286062396
4677,,,,2711.0,5799.751822415145,5799.751822415145,2284,2,75.706,44800.838324203425
4678,,,,2707.0,5801.751822415145,5801.751822415145,2285,2,75.657,43030.35749372075
4679,,,,2705.0,5803.751822415145,5803.751822415145,2286,2,75.606,44772.53850761478
4680,,,,2703.0,5805.751822415145,5805.751822415145,2287,2,75.553,46512.356905393506
4681,,,,2701.0,5807.751822415145,5807.751822415145,2288,2,75.505,42110.753989940175
4682,,,,2696.0,5809.751822415145,5809.751822415145,2289,2,75.454,44728.750593360055
4683,,,,2692.0,5811.751822415145,5811.751822415145,2290,2,75.405,42960.99834070192
4684,,,,2688.0,5813.751822415145,5813.751822415145,2291,2,75.354,44700.245960771426
4685,,,,2684.0,5815.751822415145,5815.751822415145,2292,2,75.305,42933.572336842255
4686,,,,2682.0,5817.751822415145,5817.751822415145,2293,2,75.258,41169.09387900956
4687,,,,2678.0,5819.751822415145,5819.751822415145,2294,2,75.209,42908.34927569697
4688,,,,2672.0,5821.751822415145,5821.751822415145,2295,2,75.159,43770.258901643545
4689,,,,2666.0,5823.751822415145,5823.751822415145,2296,2,75.108,44631.00347004338
4690,,,,2663.0,5825.751822415145,5825.751822415145,2297,2,75.058,43741.49240823715
4691,,,,2659.0,5827.751822415145,5827.751822415145,2298,2,75.007,44601.62043876886
4692,,,,2655.0,5829.751822415145,5829.751822415145,2299,2,74.958,42838.677870381645
4693,,,,2651.0,5831.751822415145,5831.751822415145,2300,2,74.908,43699.06593090093
4694,,,,2649.0,5833.751822415145,5833.751822415145,2301,2,74.859,42811.47195020057
4695,,,,2645.0,5835.751822415145,5835.751822415145,2302,2,74.809,43671.26518785901
4696,,,,2639.0,5837.751822415145,5837.751822415145,2303,2,74.759,43657.04322874694
4697,,,,2634.0,5839.751822415145,5839.751822415145,2304,2,74.707,45387.905986239166
4698,,,,2627.0,5841.751822415145,5841.751822415145,2305,2,74.655,45371.85825637114
4699,,,,2621.0,5843.751822415145,5843.751822415145,2306,2,74.601,47099.61118834711
4700,,,,2616.0,5845.751822415145,5845.751822415145,2307,2,74.546,47953.1990881699
4701,,,,2614.0,5847.751822415145,5847.751822415145,2308,2,74.493,46191.783444639346
4702,,,,2609.0,5849.751822415145,5849.751822415145,2309,2,74.441,45303.80077181148
4703,,,,2604.0,5851.751822415145,5851.751822415145,2310,2,74.388,46158.24971484348
4704,,,,2601.0,5853.751822415145,5853.751822415145,2311,2,74.335,46141.13921111752
4705,,,,2599.0,5855.751822415145,5855.751822415145,2312,2,74.283,45254.04646586556
4706,,,,2595.0,5857.751822415145,5857.751822415145,2313,2,74.229,46977.107687129756
4707,,,,2591.0,5859.751822415145,5859.751822415145,2314,2,74.176,46089.67286789017
4708,,,,2587.0,5861.751822415145,5861.751822415145,2315,2,74.123,46072.472476151845
4709,,,,2583.0,5863.751822415145,5863.751822415145,2316,2,74.072,44317.91376746512
4710,,,,2578.0,5865.751822415145,5865.751822415145,2317,2,74.018,46907.59611860056
4711,,,,2575.0,5867.751822415145,5867.751822415145,2318,2,73.963,47757.36803381078
4712,,,,2573.0,5869.751822415145,5869.751822415145,2319,2,73.908,47738.133945272835
4713,,,,2569.0,5871.751822415145,5871.751822415145,2320,2,73.852,48586.162759681196
4714,,,,2569.0,5873.751822415145,5873.751822415145,2321,2,73.795,49432.784613477226
4715,,,,2568.0,5875.751822415145,5875.751822415145,2322,2,73.74,47678.34748160693
4716,,,,2565.0,5877.751822415145,5877.751822415145,2323,2,73.687,45926.583849927105
4717,,,,2563.0,5879.751822415145,5879.751822415145,2324,2,73.635,45043.27349504939
4718,,,,2560.0,5881.751822415145,5881.751822415145,2325,2,73.582,45892.374476155936
4719,,,,2553.0,5883.751822415145,5883.751822415145,2326,2,73.529,45874.9245604053
4720,,,,2548.0,5885.751822415145,5885.751822415145,2327,2,73.475,46722.36928872683
4721,,,,2545.0,5887.751822415145,5887.751822415145,2328,2,73.422,45839.33321123547
4722,,,,2542.0,5889.751822415145,5889.751822415145,2329,2,73.37,44957.55937482364
4723,,,,2538.0,5891.751822415145,5891.751822415145,2330,2,73.317,45804.900177464275
4724,,,,2535.0,5893.751822415145,5893.751822415145,2331,2,73.266,44060.114992628434
4725,,,,2532.0,5895.751822415145,5895.751822415145,2332,2,73.215,44044.396757660514
4726,,,,2528.0,5897.751822415145,5897.751822415145,2333,2,73.162,45754.64658100972
4727,,,,2523.0,5899.751822415145,5899.751822415145,2334,2,73.11,44874.361925557816
4728,,,,2520.0,5901.751822415145,5901.751822415145,2335,2,73.056,46582.3146712589
4729,,,,2520.0,5903.751822415145,5903.751822415145,2336,2,73.004,44839.70354145525
4730,,,,2518.0,5905.751822415145,5905.751822415145,2337,2,72.953,43961.276755958286
4731,,,,2512.0,5907.751822415145,5907.751822415145,2338,2,72.905,41361.25753506533
4732,,,,2507.0,5909.751822415145,5909.751822415145,2339,2,72.854,43931.37531005553
4733,,,,2505.0,5911.751822415145,5911.751822415145,2340,2,72.802,44776.27041916996
4734,,,,2503.0,5913.751822415145,5913.751822415145,2341,2,72.75,44759.437073326575
4735,,,,2497.0,5915.751822415145,5915.751822415145,2342,2,72.699,43882.44952774315
4736,,,,2492.0,5917.751822415145,5917.751822415145,2343,2,72.645,46445.92492736553
4737,,,,2490.0,5919.751822415145,5919.751822415145,2344,2,72.592,45567.6507578994
4738,,,,2488.0,5921.751822415145,5921.751822415145,2345,2,72.541,43831.521969373105
4739,,,,2484.0,5923.751822415145,5923.751822415145,2346,2,72.489,44674.329793846715
4740,,,,2480.0,5925.751822415145,5925.751822415145,2347,2,72.439,42940.36800595887
4741,,,,2476.0,5927.751822415145,5927.751822415145,2348,2,72.389,42925.22204683459
4742,,,,2473.0,5929.751822415145,5929.751822415145,2349,2,72.338,43767.95479213817
4743,,,,2469.0,5931.751822415145,5931.751822415145,2350,2,72.288,42894.2769534282
4744,,,,2464.0,5933.751822415145,5933.751822415145,2351,2,72.238,42879.070794316125
4745,,,,2460.0,5935.751822415145,5935.751822415145,2352,2,72.188,42863.844635204056
4746,,,,2456.0,5937.751822415145,5937.751822415145,2353,2,72.137,43705.267620275015
4747,,,,2454.0,5939.751822415145,5939.751822415145,2354,2,72.088,41976.37462280904
4748,,,,2451.0,5941.751822415145,5941.751822415145,2355,2,72.038,42818.04615786782
4749,,,,2448.0,5943.751822415145,5943.751822415145,2356,2,71.988,42802.73999875575
4750,,,,2445.0,5945.751822415145,5945.751822415145,2357,2,71.937,43642.858883097746
4751,,,,2442.0,5947.751822415145,5947.751822415145,2358,2,71.887,42771.472905349365
4752,,,,2440.0,5949.751822415145,5949.751822415145,2359,2,71.839,41046.43346056664
4753,,,,2438.0,5951.751822415145,5951.751822415145,2360,2,71.791,41032.805484168945
4754,,,,2434.0,5953.751822415145,5953.751822415145,2361,2,71.744,40164.873088024295
4755,,,,2430.0,5955.751822415145,5955.751822415145,2362,2,71.695,41860.06719712053
4756,,,,2427.0,5957.751822415145,5957.751822415145,2363,2,71.647,40991.81096296374
4757,,,,2425.0,5959.751822415145,5959.751822415145,2364,2,71.598,41831.52784029665
4758,,,,2424.0,5961.751822415145,5961.751822415145,2365,2,71.553,38404.38308087623
4759,,,,2422.0,5963.751822415145,5963.751822415145,2366,2,71.509,37540.195581605025
4760,,,,2416.0,5965.751822415145,5965.751822415145,2367,2,71.464,38382.36458877868
4761,,,,2410.0,5967.751822415145,5967.751822415145,2368,2,71.416,40928.274258562
4762,,,,2405.0,5969.751822415145,5969.751822415145,2369,2,71.367,41766.574648528695
4763,,,,2401.0,5971.751822415145,5971.751822415145,2370,2,71.321,39196.47690569705
4764,,,,2398.0,5973.751822415145,5973.751822415145,2371,2,71.275,39184.32328397248
4765,,,,2393.0,5975.751822415145,5975.751822415145,2372,2,71.233,35766.88250976834
4766,,,,2389.0,5977.751822415145,5977.751822415145,2373,2,71.188,38311.08265350989
4767,,,,2386.0,5979.751822415145,5979.751822415145,2374,2,71.144,37448.841601069056
4768,,,,2383.0,5981.751822415145,5981.751822415145,2375,2,71.101,36587.59438312144
4769,,,,2379.0,5983.751822415145,5983.751822415145,2376,2,71.063,32325.61557510661
4770,,,,2376.0,5985.751822415145,5985.751822415145,2377,2,71.026,31468.85115572561
4771,,,,2375.0,5987.751822415145,5987.751822415145,2378,2,70.991,29762.68926973471
4772,,,,2372.0,5989.751822415145,5989.751822415145,2379,2,70.959,27207.84867813556
4773,,,,2366.0,5991.751822415145,5991.751822415145,2380,2,70.928,26354.702415642576
4774,,,,2359.0,5993.751822415145,5993.751822415145,2381,2,70.896,27201.851470787584
4775,,,,2352.0,5995.751822415145,5995.751822415145,2382,2,70.86,30597.616632179288
4776,,,,2347.0,5997.751822415145,5997.751822415145,2383,2,70.826,28893.113800169336
4777,,,,2342.0,5999.751822415145,5999.751822415145,2384,2,70.789,31437.229610252012
4778,,,,2338.0,6001.751822415145,6001.751822415145,2385,2,70.755,28883.406638370714
4779,,,,2335.0,6003.751822415145,6003.751822415145,2386,2,70.722,28029.962287135368
4780,,,,2330.0,6005.751822415145,6005.751822415145,2387,2,70.692,25478.921646451425
4781,,,,2326.0,6007.751822415145,6007.751822415145,2388,2,70.66,27174.647539261827
4782,,,,2320.0,6009.751822415145,6009.751822415145,2389,2,70.627,28020.293589208824
4783,,,,2317.0,6011.751822415145,6011.751822415145,2390,2,70.594,28016.524935739606
4784,,,,2316.0,6013.751822415145,6013.751822415145,2391,2,70.561,28012.747570258325
4785,,,,2312.0,6015.751822415145,6015.751822415145,2392,2,70.531,25463.2336838469
4786,,,,2309.0,6017.751822415145,6017.751822415145,2393,2,70.503,23763.813094634854
4787,,,,2306.0,6019.751822415145,6019.751822415145,2394,2,70.476,22913.781988652016
4788,,,,2304.0,6021.751822415145,6021.751822415145,2395,2,70.452,20367.20257990449
4789,,,,2302.0,6023.751822415145,6023.751822415145,2396,2,70.43,18670.04049339346
4790,,,,2299.0,6025.751822415145,6025.751822415145,2397,2,70.409,17821.878079260336
4791,,,,2295.0,6027.751822415145,6027.751822415145,2398,2,70.388,17822.476840152965
4792,,,,2291.0,6029.751822415145,6029.751822415145,2399,2,70.363,21217.33996892368
4793,,,,2287.0,6031.751822415145,6031.751822415145,2400,2,70.333,25459.300632196602
4794,,,,2284.0,6033.751822415145,6033.751822415145,2401,2,70.302,26305.257313898932
4795,,,,2280.0,6035.751822415145,6035.751822415145,2402,2,70.268,28847.151545019613
4796,,,,2275.0,6037.751822415145,6037.751822415145,2403,2,70.232,30538.948717776962
4797,,,,2271.0,6039.751822415145,6039.751822415145,2404,2,70.194,32229.251197747035
4798,,,,2267.0,6041.751822415145,6041.751822415145,2405,2,70.159,29679.22977359726
4799,,,,2261.0,6043.751822415145,6043.751822415145,2406,2,70.127,27131.320581107655
4800,,,,2256.0,6045.751822415145,6045.751822415145,2407,2,70.089,32213.02322620416
4801,,,,2253.0,6047.751822415145,6047.751822415145,2408,2,70.052,31358.905561361153
4802,,,,2250.0,6049.751822415145,6049.751822415145,2409,2,70.018,28811.217084038548
4803,,,,2245.0,6051.751822415145,6051.751822415145,2410,2,69.986,27112.622788650136
4804,,,,2241.0,6053.751822415145,6053.751822415145,2411,2,69.956,25415.22412597357
4805,,,,2236.0,6055.751822415145,6055.751822415145,2412,2,69.93,22024.987385186316
4806,,,,2226.0,6057.751822415145,6057.751822415145,2413,2,69.904,22024.071376734446
4807,,,,2219.0,6059.751822415145,6059.751822415145,2414,2,69.874,25410.599707007288
4808,,,,2215.0,6061.751822415145,6061.751822415145,2415,2,69.842,27101.558963854757
4809,,,,2209.0,6063.751822415145,6063.751822415145,2416,2,69.805,31331.035777551057
4810,,,,2204.0,6065.751822415145,6065.751822415145,2417,2,69.761,37249.19962928589
4811,,,,2199.0,6067.751822415145,6067.751822415145,2418,2,69.717,37237.98710221746
4812,,,,2194.0,6069.751822415145,6069.751822415145,2419,2,69.67,39764.09137173355
4813,,,,2189.0,6071.751822415145,6071.751822415145,2420,2,69.624,38904.89552417426
4814,,,,2183.0,6073.751822415145,6073.751822415145,2421,2,69.577,39737.199389302
4815,,,,2178.0,6075.751822415145,6075.751822415145,2422,2,69.528,41413.20540558945
4816,,,,2173.0,6077.751822415145,6077.751822415145,2423,2,69.479,41397.65233135022
4817,,,,2171.0,6079.751822415145,6079.751822415145,2424,2,69.43,41382.08004908697
4818,,,,2168.0,6081.751822415145,6081.751822415145,2425,2,69.383,39678.632139080444
4819,,,,2165.0,6083.751822415145,6083.751822415145,2426,2,69.334,41352.070275941696
4820,,,,2162.0,6085.751822415145,6085.751822415145,2427,2,69.288,38806.478099839755
4821,,,,2158.0,6087.751822415145,6087.751822415145,2428,2,69.242,38793.4679581153
4822,,,,2155.0,6089.751822415145,6089.751822415145,2429,2,69.196,38780.44088841483
4823,,,,2149.0,6091.751822415145,6091.751822415145,2430,2,69.151,37924.901521906504
4824,,,,2146.0,6093.751822415145,6093.751822415145,2431,2,69.102,41281.49406450728
4825,,,,2147.0,6095.751822415145,6095.751822415145,2432,2,69.056,38740.13649294211
4826,,,,2149.0,6097.751822415145,6097.751822415145,2433,2,69.013,36202.15134386197
4827,,,,2150.0,6099.751822415145,6099.751822415145,2434,2,68.971,35350.06252949486
4828,,,,2150.0,6101.751822415145,6101.751822415145,2435,2,68.928,36181.29540605208
4829,,,,2151.0,6103.751822415145,6103.751822415145,2436,2,68.884,37011.49083062716
4830,,,,2153.0,6105.751822415145,6105.751822415145,2437,2,68.839,37840.61062073308
4831,,,,2153.0,6107.751822415145,6107.751822415145,2438,2,68.794,37828.2692958523
4832,,,,2155.0,6109.751822415145,6109.751822415145,2439,2,68.748,38655.984317290204
4833,,,,2156.0,6111.751822415145,6111.751822415145,2440,2,68.7,40322.30709539274
4834,,,,2158.0,6113.751822415145,6113.751822415145,2441,2,68.652,40307.329934995054
4835,,,,2161.0,6115.751822415145,6115.751822415145,2442,2,68.604,40292.33434259736
4836,,,,2166.0,6117.751822415145,6117.751822415145,2443,2,68.554,41954.93022293844
4837,,,,2174.0,6119.751822415145,6119.751822415145,2444,2,68.504,41938.04726382637
4838,,,,2183.0,6121.751822415145,6121.751822415145,2445,2,68.463,34377.59725629939
4839,,,,2187.0,6123.751822415145,6123.751822415145,2446,2,68.432,25987.641177608202
4840,,,,2188.0,6125.751822415145,6125.751822415145,2447,2,68.423,7545.057890909909
4845,,,,2215.0,6135.751822415145,6135.751822415145,2452,2,68.41,10914.4532785193
4846,,,,2218.0,6137.751822415145,6137.751822415145,2453,2,68.373,31062.983978433425
4847,,,,2223.0,6139.751822415145,6139.751822415145,2454,2,68.334,32734.535043090626
4848,,,,2223.0,6141.751822415145,6141.751822415145,2455,2,68.301,27692.882588438933
4849,,,,2220.0,6143.751822415145,6143.751822415145,2456,2,68.277,20138.43207364434
4850,,,,2218.0,6145.751822415145,6145.751822415145,2457,2,68.273,3356.8096454072547
4859,,,,2259.0,6163.751822415145,6163.751822415145,2466,2,68.256,14306.024833559351
4860,,,,2264.0,6165.751822415145,6165.751822415145,2467,2,68.241,12624.09939756348
4861,,,,2269.0,6167.751822415145,6167.751822415145,2468,2,68.235,5050.500586295768
4869,,,,2266.0,6183.751822415145,6183.751822415145,2476,2,68.234,843.8904274572019
4870,,,,2273.0,6185.751822415145,6185.751822415145,2477,2,68.201,27850.450646410995
4871,,,,2276.0,6187.751822415145,6187.751822415145,2478,2,68.17,26158.727017004847
4872,,,,2279.0,6189.751822415145,6189.751822415145,2479,2,68.135,29529.294275397497
4873,,,,2283.0,6191.751822415145,6191.751822415145,2480,2,68.097,32053.55990231709
4874,,,,2288.0,6193.751822415145,6193.751822415145,2481,2,68.056,34575.21356696617
4875,,,,2295.0,6195.751822415145,6195.751822415145,2482,2,68.015,34565.54799533922
4876,,,,2299.0,6197.751822415145,6197.751822415145,2483,2,67.977,32028.09730168468
4877,,,,2301.0,6199.751822415145,6199.751822415145,2484,2,67.958,16012.502015624652
4883,,,,2323.0,6211.751822415145,6211.751822415145,2490,2,67.94,15194.963684926897
4884,,,,2326.0,6213.751822415145,6213.751822415145,2491,2,67.9,33763.04190226822
4885,,,,2330.0,6215.751822415145,6215.751822415145,2492,2,67.856,37128.32659377618
4886,,,,2335.0,6217.751822415145,6217.751822415145,2493,2,67.819,31212.95870472166
4887,,,,2341.0,6219.751822415145,6219.751822415145,2494,2,67.8,16026.813925682876
4895,,,,2364.0,6235.751822415145,6235.751822415145,2502,2,67.769,26206.61380319595
4896,,,,2366.0,6237.751822415145,6237.751822415145,2503,2,67.728,34653.063005962504
4897,,,,2369.0,6239.751822415145,6239.751822415145,2504,2,67.698,25350.738909072763
4898,,,,2377.0,6241.751822415145,6241.751822415145,2505,2,67.694,3380.3330509538473
4903,,,,2390.0,6251.751822415145,6251.751822415145,2510,2,67.665,24540.69537297538
4904,,,,2393.0,6253.751822415145,6253.751822415145,2511,2,67.624,34688.617042420956
4905,,,,2395.0,6255.751822415145,6255.751822415145,2512,2,67.583,34678.678902781976
4906,,,,2398.0,6257.751822415145,6257.751822415145,2513,2,67.545,32132.704553851134
4907,,,,2403.0,6259.751822415145,6259.751822415145,2514,2,67.514,26208.510462895578
4908,,,,2407.0,6261.751822415145,6261.751822415145,2515,2,67.488,21979.074507768753
4909,,,,2408.0,6263.751822415145,6263.751822415145,2516,2,67.477,9299.25991183121
4918,,,,2433.0,6281.751822415145,6281.751822415145,2525,2,67.439,32205.335497181797
4919,,,,2437.0,6283.751822415145,6283.751822415145,2526,2,67.396,36432.596109933234
4920,,,,2438.0,6285.751822415145,6285.751822415145,2527,2,67.352,37267.669408936425
4921,,,,2442.0,6287.751822415145,6287.751822415145,2528,2,67.31,35562.291908224215
4922,,,,2444.0,6289.751822415145,6289.751822415145,2529,2,67.265,38089.95081756976
4923,,,,2447.0,6291.751822415145,6291.751822415145,2530,2,67.22,38076.58097268898
4924,,,,2452.0,6293.751822415145,6293.751822415145,2531,2,67.177,36372.03863810988
4925,,,,2455.0,6295.751822415145,6295.751822415145,2532,2,67.136,34669.65389549519
4926,,,,2456.0,6297.751822415145,6297.751822415145,2533,2,67.092,37194.72379123957
4927,,,,2459.0,6299.751822415145,6299.751822415145,2534,2,67.049,36337.36539604874
4928,,,,2460.0,6301.751822415145,6301.751822415145,2535,2,67.008,34636.55170636711
4929,,,,2454.0,6303.751822415145,6303.751822415145,2536,2,66.972,30404.760090019674
4930,,,,2449.0,6305.751822415145,6305.751822415145,2537,2,66.933,32930.49621342875
4931,,,,2446.0,6307.751822415145,6307.751822415145,2538,2,66.896,31233.924389759053
4932,,,,2444.0,6309.751822415145,6309.751822415145,2539,2,66.86,30382.81793132372
4933,,,,2443.0,6311.751822415145,6311.751822415145,2540,2,66.826,28688.95704047238
4934,,,,2440.0,6313.751822415145,6313.751822415145,2541,2,66.79,30370.257486126757
4935,,,,2434.0,6315.751822415145,6315.751822415145,2542,2,66.75,33736.21993461801
4936,,,,2426.0,6317.751822415145,6317.751822415145,2543,2,66.708,35412.48995406832
4937,,,,2421.0,6319.751822415145,6319.751822415145,2544,2,66.662,38771.80382554685
4938,,,,2418.0,6321.751822415145,6321.751822415145,2545,2,66.618,37072.77564723497
4939,,,,2413.0,6323.751822415145,6323.751822415145,2546,2,66.574,37060.018720166605
4940,,,,2406.0,6325.751822415145,6325.751822415145,2547,2,66.528,38730.630077080124
4941,,,,2400.0,6327.751822415145,6327.751822415145,2548,2,66.482,38716.09641537962
4942,,,,2402.0,6329.751822415145,6329.751822415145,2549,2,66.438,37019.426938355944
4943,,,,2409.0,6331.751822415145,6331.751822415145,2550,2,66.398,33643.38340329879
4944,,,,2409.0,6333.751822415145,6333.751822415145,2551,2,66.36,31952.536528724442
4945,,,,2405.0,6335.751822415145,6335.751822415145,2552,2,66.325,29423.07306949751
4946,,,,2400.0,6337.751822415145,6337.751822415145,1,3,66.293,26895.999077918696
4947,,,,2396.0,6338.751822415145,6338.751822415145,2,3,66.29,2521.2321986138973
4948,,,,2389.0,6340.751822415145,6340.751822415145,3,3,66.282,6724.849204817984
4949,,,,2386.0,6342.751822415145,6342.751822415145,4,3,66.274,6726.158484572768
4950,,,,2381.0,6344.751822415145,6344.751822415145,5,3,66.268,5045.67657627948
4951,,,,2378.0,6346.751822415145,6346.751822415145,6,3,66.26,6728.978604164546
4952,,,,2377.0,6348.751822415145,6348.751822415145,7,3,66.249,9253.934307608813
4953,,,,2377.0,6350.751822415145,6350.751822415145,8,3,66.238,9255.312623655835
4954,,,,2376.0,6352.751822415145,6352.751822415145,9,3,66.224,11780.974966607031
4955,,,,2372.0,6354.751822415145,6354.751822415145,10,3,66.211,10940.690248824549
4956,,,,2368.0,6356.751822415145,6356.751822415145,11,3,66.195,13466.753308783693
4957,,,,2360.0,6358.751822415145,6358.751822415145,12,3,66.184,9259.417282490802
4958,,,,2352.0,6360.751822415145,6360.751822415145,13,3,66.172,10102.60401849133
4959,,,,2348.0,6362.751822415145,6362.751822415145,14,3,66.161,9262.02240606866
4960,,,,2345.0,6364.751822415145,6364.751822415145,15,3,66.15,9263.393462127635
4961,,,,2340.0,6366.751822415145,6366.751822415145,16,3,66.135,12633.386472423292
4962,,,,2334.0,6368.751822415145,6368.751822415145,17,3,66.116,16003.20214806288
4963,,,,2330.0,6370.751822415145,6370.751822415145,18,3,66.098,15161.446466078904
4964,,,,2324.0,6372.751822415145,6372.751822415145,19,3,66.08,15162.076626897979
4965,,,,2318.0,6374.751822415145,6374.751822415145,20,3,66.063,14320.44011117643
4966,,,,2312.0,6376.751822415145,6376.751822415145,21,3,66.048,12636.585900166789
4967,,,,2305.0,6378.751822415145,6378.751822415145,22,3,66.035,10952.820800485182
4968,,,,2304.0,6380.751822415145,6380.751822415145,23,3,66.022,10954.098264357232
4969,,,,2301.0,6382.751822415145,6382.751822415145,24,3,66.012,8427.402541211924
4970,,,,2296.0,6384.751822415145,6384.751822415145,25,3,66.001,9271.572665653755
4971,,,,2292.0,6386.751822415145,6386.751822415145,26,3,65.99,9272.93135772471
4972,,,,2289.0,6388.751822415145,6388.751822415145,27,3,65.982,6745.090844058434
4973,,,,2286.0,6390.751822415145,6390.751822415145,28,3,65.971,9276.067627450959
4974,,,,2282.0,6392.751822415145,6392.751822415145,29,3,65.962,7590.734335680564
4975,,,,2280.0,6394.751822415145,6394.751822415145,30,3,65.951,9279.059868661083
4976,,,,2280.0,6396.751822415145,6396.751822415145,31,3,65.942,7593.181093024494
4977,,,,2282.0,6398.751822415145,6398.751822415145,32,3,65.936,5063.127557006987
4978,,,,2289.0,6400.751822415145,6400.751822415145,33,3,65.928,6752.229906495858
4979,,,,2297.0,6402.751822415145,6402.751822415145,34,3,65.918,8441.772167773795
4980,,,,2303.0,6404.751822415145,6404.751822415145,35,3,65.901,14352.555668150557
4981,,,,2313.0,6406.751822415145,6406.751822415145,36,3,65.873,23638.812810107032
4982,,,,2319.0,6408.751822415145,6408.751822415145,37,3,65.853,16883.984851197787
5046,,,,2569.0,6536.751822415145,6536.751822415145,101,3,65.845,6887.017132063621
5047,,,,2562.0,6538.751822415145,6538.751822415145,102,3,65.824,18079.96918781786
5048,,,,2553.0,6540.751822415145,6540.751822415145,103,3,65.804,17218.92161761379
5049,,,,2546.0,6542.751822415145,6542.751822415145,104,3,65.782,18940.55990869982
5050,,,,2535.0,6544.751822415145,6544.751822415145,105,3,65.761,18079.24206849575
5051,,,,2526.0,6546.751822415145,6546.751822415145,106,3,65.737,20661.234507455505
5052,,,,2517.0,6548.751822415145,6548.751822415145,107,3,65.71,23241.972081627977
5053,,,,2510.0,6550.751822415145,6550.751822415145,108,3,65.681,24960.58514826637
5054,,,,2507.0,6552.751822415145,6552.751822415145,109,3,65.651,25817.580070243752
5055,,,,2500.0,6554.751822415145,6554.751822415145,110,3,65.621,25813.661436963404
5056,,,,2496.0,6556.751822415145,6556.751822415145,111,3,65.589,27529.965011807886
5057,,,,2490.0,6558.751822415145,6558.751822415145,112,3,65.556,28384.867755772004
5058,,,,2484.0,6560.751822415145,6560.751822415145,113,3,65.524,27519.46716422664
5059,,,,2479.0,6562.751822415145,6562.751822415145,114,3,65.492,27514.41576849434
5060,,,,2473.0,6564.751822415145,6564.751822415145,115,3,65.461,26649.89230742773
5061,,,,2469.0,6566.751822415145,6566.751822415145,116,3,65.432,24926.713542447058
5062,,,,2463.0,6568.751822415145,6568.751822415145,117,3,65.405,23204.7661191128
5063,,,,2459.0,6570.751822415145,6570.751822415145,118,3,65.382,19765.4851277555
5064,,,,2451.0,6572.751822415145,6572.751822415145,119,3,65.361,18046.167121879174
5065,,,,2444.0,6574.751822415145,6574.751822415145,120,3,65.335,22341.637868750604
5066,,,,2442.0,6576.751822415145,6576.751822415145,121,3,65.304,26634.588721176126
5067,,,,2441.0,6578.751822415145,6578.751822415145,122,3,65.274,25771.207664020723
5068,,,,2440.0,6580.751822415145,6580.751822415145,123,3,65.245,24908.481266181145
5069,,,,2439.0,6582.751822415145,6582.751822415145,124,3,65.216,24904.979179628044
5070,,,,2437.0,6584.751822415145,6584.751822415145,125,3,65.189,23184.483157856146
5071,,,,2438.0,6586.751822415145,6586.751822415145,126,3,65.162,23181.921543686865
5072,,,,2436.0,6588.751822415145,6588.751822415145,127,3,65.134,24037.664208700284
5073,,,,2433.0,6590.751822415145,6590.751822415145,128,3,65.103,26609.152097977392
5074,,,,2431.0,6592.751822415145,6592.751822415145,129,3,65.069,29178.5174677254
5075,,,,2427.0,6594.751822415145,6594.751822415145,130,3,65.036,28314.336133226716
5076,,,,2425.0,6596.751822415145,6596.751822415145,131,3,65.0,30881.3479192659
5077,,,,2422.0,6598.751822415145,6598.751822415145,132,3,64.967,28301.459277427435
5078,,,,2420.0,6600.751822415145,6600.751822415145,133,3,64.936,26581.18138359592
5079,,,,2415.0,6602.751822415145,6602.751822415145,134,3,64.906,25719.435063781795
5080,,,,2409.0,6604.751822415145,6604.751822415145,135,3,64.874,27429.270128426364
5081,,,,2403.0,6606.751822415145,6606.751822415145,136,3,64.843,26567.248810587877
5082,,,,2398.0,6608.751822415145,6608.751822415145,137,3,64.811,27419.235481066207
5083,,,,2393.0,6610.751822415145,6610.751822415145,138,3,64.78,26557.5121219817
5084,,,,2390.0,6612.751822415145,6612.751822415145,139,3,64.752,23983.763133715165
5085,,,,2389.0,6614.751822415145,6614.751822415145,140,3,64.725,23124.37198619371
5086,,,,2384.0,6616.751822415145,6616.751822415145,141,3,64.701,20553.11331283044
5087,,,,2379.0,6618.751822415145,6618.751822415145,142,3,64.674,23120.127459662614
5088,,,,2376.0,6620.751822415145,6620.751822415145,143,3,64.646,23973.47751889731
5089,,,,2371.0,6622.751822415145,6622.751822415145,144,3,64.616,25682.104382071768
5090,,,,2368.0,6624.751822415145,6624.751822415145,145,3,64.584,27389.37393459016
5091,,,,2361.0,6626.751822415145,6626.751822415145,146,3,64.555,24817.391004248104
5092,,,,2354.0,6628.751822415145,6628.751822415145,147,3,64.527,23958.271196752732
5093,,,,2349.0,6630.751822415145,6630.751822415145,148,3,64.502,21388.981922364957
5094,,,,2345.0,6632.751822415145,6632.751822415145,149,3,64.477,21387.142432574783
5095,,,,2346.0,6634.751822415145,6634.751822415145,150,3,64.45,23095.76350163085
5096,,,,2345.0,6636.751822415145,6636.751822415145,151,3,64.427,19672.46728619682
5097,,,,2347.0,6638.751822415145,6638.751822415145,152,3,64.403,20526.489534762615
5098,,,,2349.0,6640.751822415145,6640.751822415145,153,3,64.38,19669.966664768912
5099,,,,2354.0,6642.751822415145,6642.751822415145,154,3,64.359,17958.80576418465
5100,,,,2357.0,6644.751822415145,6644.751822415145,155,3,64.338,17958.35213107728
5101,,,,2361.0,6646.751822415145,6646.751822415145,156,3,64.315,19667.864930807733
5102,,,,2362.0,6648.751822415145,6648.751822415145,157,3,64.293,18811.818836290287
5103,,,,2363.0,6650.751822415145,6650.751822415145,158,3,64.267,22230.537011540913
5104,,,,2361.0,6652.751822415145,6652.751822415145,159,3,64.241,22228.227611064856
5105,,,,2359.0,6654.751822415145,6654.751822415145,160,3,64.214,23080.57592440599
5106,,,,2360.0,6656.751822415145,6656.751822415145,161,3,64.187,23077.806950248905
5107,,,,2362.0,6658.751822415145,6658.751822415145,162,3,64.16,23075.032144091823
5108,,,,2362.0,6660.751822415145,6660.751822415145,163,3,64.137,19654.752960885802
5109,,,,2360.0,6662.751822415145,6662.751822415145,164,3,64.112,21362.281461827857
5110,,,,2357.0,6664.751822415145,6664.751822415145,165,3,64.087,21360.362972037696
5111,,,,2355.0,6666.751822415145,6666.751822415145,166,3,64.06,23066.754636250782
5112,,,,2353.0,6668.751822415145,6668.751822415145,167,3,64.031,24772.005600861266
5113,,,,2352.0,6670.751822415145,6670.751822415145,168,3,64.002,24768.214674308103
5114,,,,2351.0,6672.751822415145,6672.751822415145,169,3,63.972,25618.162251647576
5115,,,,2350.0,6674.751822415145,6674.751822415145,170,3,63.94,27320.98736348357
5116,,,,2352.0,6676.751822415145,6676.751822415145,171,3,63.91,25608.68161487426
5117,,,,2356.0,6678.751822415145,6678.751822415145,172,3,63.879,26457.60151567186
5118,,,,2357.0,6680.751822415145,6680.751822415145,173,3,63.85,24746.446736229555
5119,,,,2356.0,6682.751822415145,6682.751822415145,174,3,63.822,23889.608138797706
5120,,,,2355.0,6684.751822415145,6684.751822415145,175,3,63.793,24739.163510710714
5121,,,,2350.0,6686.751822415145,6686.751822415145,176,3,63.763,25588.059463800557
5122,,,,2347.0,6688.751822415145,6688.751822415145,177,3,63.73,28141.378191141812
5123,,,,2345.0,6690.751822415145,6690.751822415145,178,3,63.696,28987.575218583537
5124,,,,2342.0,6692.751822415145,6692.751822415145,179,3,63.664,27276.443907286368
5125,,,,2338.0,6694.751822415145,6694.751822415145,180,3,63.635,24714.821155010097
5126,,,,2335.0,6696.751822415145,6696.751822415145,181,3,63.607,23859.026670855827
5127,,,,2331.0,6698.751822415145,6698.751822415145,182,3,63.58,23003.84199701378
5128,,,,2327.0,6700.751822415145,6700.751822415145,183,3,63.554,22149.22793696091
5129,,,,2323.0,6702.751822415145,6702.751822415145,184,3,63.527,22998.39491729803
5130,,,,2319.0,6704.751822415145,6704.751822415145,185,3,63.499,23846.97853983386
5131,,,,2316.0,6706.751822415145,6706.751822415145,186,3,63.467,27248.94246031541
5132,,,,2313.0,6708.751822415145,6708.751822415145,187,3,63.435,27243.328760577057
5133,,,,2312.0,6710.751822415145,6710.751822415145,188,3,63.4,29790.53725886402
5134,,,,2311.0,6712.751822415145,6712.751822415145,189,3,63.368,27230.787936762543
5135,,,,2308.0,6714.751822415145,6714.751822415145,190,3,63.336,27225.149277036282
5136,,,,2305.0,6716.751822415145,6716.751822415145,191,3,63.303,28069.890223282506
5137,,,,2300.0,6718.751822415145,6718.751822415145,192,3,63.27,28063.614955807243
5138,,,,2296.0,6720.751822415145,6720.751822415145,193,3,63.239,26357.303361364473
5139,,,,2291.0,6722.751822415145,6722.751822415145,194,3,63.209,25502.355673217437
5140,,,,2284.0,6724.751822415145,6724.751822415145,195,3,63.177,27197.263482491384
5141,,,,2277.0,6726.751822415145,6726.751822415145,196,3,63.144,28041.09055965808
5142,,,,2268.0,6728.751822415145,6728.751822415145,197,3,63.111,28034.77252418886
5143,,,,2261.0,6730.751822415145,6730.751822415145,198,3,63.076,29726.6683075256
5144,,,,2256.0,6732.751822415145,6732.751822415145,199,3,63.04,30567.878238086665
5145,,,,2250.0,6734.751822415145,6734.751822415145,200,3,63.005,29710.8627709682
5146,,,,2246.0,6736.751822415145,6736.751822415145,201,3,62.969,30551.60066677048
5147,,,,2243.0,6738.751822415145,6738.751822415145,202,3,62.934,29695.017474416825
5148,,,,2239.0,6740.751822415145,6740.751822415145,203,3,62.899,29687.31584244588
5149,,,,2235.0,6742.751822415145,6742.751822415145,204,3,62.864,29679.60441048699
5150,,,,2231.0,6744.751822415145,6744.751822415145,205,3,62.828,30519.408458263293
5151,,,,2228.0,6746.751822415145,6746.751822415145,206,3,62.794,28816.37555280991
5152,,,,2225.0,6748.751822415145,6748.751822415145,207,3,62.759,29656.411314586217
5153,,,,2224.0,6750.751822415145,6750.751822415145,208,3,62.724,29648.66068262732
5154,,,,2222.0,6752.751822415145,6752.751822415145,209,3,62.692,27100.899921917586
5155,,,,2219.0,6754.751822415145,6754.751822415145,210,3,62.657,29634.54851658019
5156,,,,2216.0,6756.751822415145,6756.751822415145,211,3,62.625,27087.980218103072
5157,,,,2212.0,6758.751822415145,6758.751822415145,212,3,62.592,27928.25068926385
5158,,,,2209.0,6760.751822415145,6760.751822415145,213,3,62.559,27921.790093794625
5159,,,,2206.0,6762.751822415145,6762.751822415145,214,3,62.527,27069.618382672885
5160,,,,2202.0,6764.751822415145,6764.751822415145,215,3,62.494,27909.289240476468
5161,,,,2200.0,6766.751822415145,6766.751822415145,216,3,62.461,27902.802641007245
5162,,,,2199.0,6768.751822415145,6768.751822415145,217,3,62.426,29586.518809605725
5163,,,,2199.0,6770.751822415145,6770.751822415145,218,3,62.396,25354.16351932606
5164,,,,2196.0,6772.751822415145,6772.751822415145,219,3,62.362,28728.469043268626
5165,,,,2192.0,6774.751822415145,6774.751822415145,220,3,62.329,27876.769123130365
5166,,,,2187.0,6776.751822415145,6776.751822415145,221,3,62.294,29558.869982772612
5167,,,,2185.0,6778.751822415145,6778.751822415145,222,3,62.255,32927.183668464626
5168,,,,2185.0,6780.751822415145,6780.751822415145,223,3,62.219,30384.98288436005
5169,,,,2184.0,6782.751822415145,6782.751822415145,224,3,62.182,31219.901050029046
5170,,,,2181.0,6784.751822415145,6784.751822415145,225,3,62.147,29523.94932651996
5171,,,,2176.0,6786.751822415145,6786.751822415145,226,3,62.111,30359.09548618895
5172,,,,2172.0,6788.751822415145,6788.751822415145,227,3,62.074,31193.262367464304
5173,,,,2168.0,6790.751822415145,6790.751822415145,228,3,62.038,30341.296446610337
5174,,,,2163.0,6792.751822415145,6792.751822415145,229,3,62.004,28647.94173290375
5175,,,,2157.0,6794.751822415145,6794.751822415145,230,3,61.971,27798.518787070334
5176,,,,2148.0,6796.751822415145,6796.751822415145,231,3,61.938,27791.897811595132
5177,,,,2140.0,6798.751822415145,6798.751822415145,232,3,61.904,28627.01478851133
5178,,,,2131.0,6800.751822415145,6800.751822415145,233,3,61.871,27778.180875042395
5179,,,,2125.0,6802.751822415145,6802.751822415145,234,3,61.835,30295.483809973917
5180,,,,2124.0,6804.751822415145,6804.751822415145,235,3,61.801,28604.618074747134
5181,,,,2124.0,6806.751822415145,6806.751822415145,236,3,61.771,25233.71808598549
5182,,,,2122.0,6808.751822415145,6808.751822415145,237,3,61.744,22706.54049633224
5183,,,,2117.0,6810.751822415145,6810.751822415145,238,3,61.715,24384.609668059933
5184,,,,2109.0,6812.751822415145,6812.751822415145,239,3,61.687,23539.80161091574
5185,,,,2105.0,6814.751822415145,6814.751822415145,240,3,61.659,23536.026592052218
5186,,,,2099.0,6816.751822415145,6816.751822415145,241,3,61.63,24372.484947575427
5187,,,,2092.0,6818.751822415145,6818.751822415145,242,3,61.604,21847.853614174026
5188,,,,2086.0,6820.751822415145,6820.751822415145,243,3,61.576,23525.045865581633
5189,,,,2081.0,6822.751822415145,6822.751822415145,244,3,61.551,21001.624090961548
5190,,,,2075.0,6824.751822415145,6824.751822415145,245,3,61.524,22678.82092468195
5191,,,,2069.0,6826.751822415145,6826.751822415145,246,3,61.493,26034.00239707836
5192,,,,2066.0,6828.751822415145,6828.751822415145,247,3,61.461,26867.915250346425
5193,,,,2064.0,6830.751822415145,6830.751822415145,248,3,61.43,26022.575588460008
5194,,,,2062.0,6832.751822415145,6832.751822415145,249,3,61.399,26017.062281457325
5195,,,,2061.0,6834.751822415145,6834.751822415145,250,3,61.369,25172.66435202883
5196,,,,2057.0,6836.751822415145,6836.751822415145,251,3,61.341,23490.258851598654
5197,,,,2054.0,6838.751822415145,6838.751822415145,252,3,61.311,25163.597655686826
5198,,,,2049.0,6840.751822415145,6840.751822415145,253,3,61.28,25997.052806511547
5199,,,,2044.0,6842.751822415145,6842.751822415145,254,3,61.248,26829.718249503258
5200,,,,2039.0,6844.751822415145,6844.751822415145,255,3,61.215,27661.551800133147
5201,,,,2038.0,6846.751822415145,6846.751822415145,256,3,61.182,27654.722132669885
5202,,,,2039.0,6848.751822415145,6848.751822415145,257,3,61.154,23459.769282514324
5203,,,,2035.0,6850.751822415145,6850.751822415145,258,3,61.126,23455.878119662728
5204,,,,2029.0,6852.751822415145,6852.751822415145,259,3,61.096,25126.710997177666
5205,,,,2025.0,6854.751822415145,6854.751822415145,260,3,61.065,25958.883458718752
5206,,,,2023.0,6856.751822415145,6856.751822415145,261,3,61.033,26790.26188842087
5207,,,,2023.0,6858.751822415145,6858.751822415145,262,3,61.002,25947.241138100402
5208,,,,2021.0,6860.751822415145,6860.751822415145,263,3,60.972,25105.0002836189
5209,,,,2022.0,6862.751822415145,6862.751822415145,264,3,60.941,25936.41855070803
5210,,,,2023.0,6864.751822415145,6864.751822415145,265,3,60.912,24258.22751068873
5211,,,,2029.0,6866.751822415145,6866.751822415145,266,3,60.884,23417.601338959408
5212,,,,2032.0,6868.751822415145,6868.751822415145,267,3,60.862,18397.34730617731
5213,,,,2034.0,6870.751822415145,6870.751822415145,268,3,60.84,18396.053242413214
5214,,,,2037.0,6872.751822415145,6872.751822415145,269,3,60.822,15050.749179936656
5215,,,,2041.0,6874.751822415145,6874.751822415145,270,3,60.806,13378.597034511817
5216,,,,2044.0,6876.751822415145,6876.751822415145,271,3,60.791,12542.88587025369
5217,,,,2047.0,6878.751822415145,6878.751822415145,272,3,60.776,12543.438341927664
5218,,,,2051.0,6880.751822415145,6880.751822415145,273,3,60.76,13380.144855829223
5219,,,,2055.0,6882.751822415145,6882.751822415145,274,3,60.743,14216.674909538004
5220,,,,2058.0,6884.751822415145,6884.751822415145,275,3,60.726,14216.82662499059
5221,,,,2062.0,6886.751822415145,6886.751822415145,276,3,60.709,14216.976028431292
5222,,,,2067.0,6888.751822415145,6888.751822415145,277,3,60.693,13380.931979921965
5223,,,,2072.0,6890.751822415145,6890.751822415145,278,3,60.674,15889.887652188741
5224,,,,2080.0,6892.751822415145,6892.751822415145,279,3,60.659,12544.773853036928
5225,,,,2088.0,6894.751822415145,6894.751822415145,280,3,60.645,11709.053650923937
5226,,,,2096.0,6896.751822415145,6896.751822415145,281,3,60.633,10037.091210226748
5227,,,,2102.0,6898.751822415145,6898.751822415145,282,3,60.622,9201.589674498764
5228,,,,2107.0,6900.751822415145,6900.751822415145,283,3,60.608,11712.094008041859
5229,,,,2112.0,6902.751822415145,6902.751822415145,284,3,60.594,11712.782569321527
5230,,,,2117.0,6904.751822415145,6904.751822415145,285,3,60.578,13386.601405209534
5231,,,,2124.0,6906.751822415145,6906.751822415145,286,3,60.565,10877.16026830127
5232,,,,2130.0,6908.751822415145,6908.751822415145,287,3,60.555,8367.880207307559
5233,,,,2137.0,6910.751822415145,6910.751822415145,288,3,60.549,5021.518132210773
5234,,,,2144.0,6912.751822415145,6912.751822415145,289,3,60.544,4185.429282160727
5235,,,,2152.0,6914.751822415145,6914.751822415145,290,3,60.539,4186.294474563658
5236,,,,2161.0,6916.751822415145,6916.751822415145,291,3,60.538,837.4595604065573
5322,,,,2853.0,7088.751822415145,7088.751822415145,377,3,60.522,13730.628729943728
5323,,,,2849.0,7090.751822415145,7090.751822415145,378,3,60.499,19736.98715490826
5324,,,,2844.0,7092.751822415145,7092.751822415145,379,3,60.477,18877.160378311662
5325,,,,2846.0,7094.751822415145,7094.751822415145,380,3,60.453,20591.24010922661
5326,,,,2848.0,7096.751822415145,7096.751822415145,381,3,60.427,22304.23936763499
5327,,,,2852.0,7098.751822415145,7098.751822415145,382,3,60.403,20585.81238485891
5328,,,,2854.0,7100.751822415145,7100.751822415145,383,3,60.379,20583.432158759486
5329,,,,2854.0,7102.751822415145,7102.751822415145,384,3,60.356,19723.667049420415
5330,,,,2853.0,7104.751822415145,7104.751822415145,385,3,60.331,21436.279579794198
5331,,,,2852.0,7106.751822415145,7106.751822415145,386,3,60.306,21433.43049002227
5332,,,,2848.0,7108.751822415145,7108.751822415145,387,3,60.28,22287.614628698353
5333,,,,2847.0,7110.751822415145,7110.751822415145,388,3,60.249,26568.605998519106
5334,,,,2852.0,7112.751822415145,7112.751822415145,389,3,60.219,25705.769596282207
5335,,,,2853.0,7114.751822415145,7114.751822415145,390,3,60.19,24843.724413373344
5336,,,,2851.0,7116.751822415145,7116.751822415145,391,3,60.162,23982.42882927549
5337,,,,2847.0,7118.751822415145,7118.751822415145,392,3,60.134,23978.006338417945
5338,,,,2843.0,7120.751822415145,7120.751822415145,393,3,60.103,26541.512943022604
5339,,,,2840.0,7122.751822415145,7122.751822415145,394,3,60.074,24823.73742711213
5340,,,,2835.0,7124.751822415145,7124.751822415145,395,3,60.045,24818.723860540747
5341,,,,2826.0,7126.751822415145,7126.751822415145,396,3,60.011,29090.716770922747
5342,,,,2819.0,7128.751822415145,7128.751822415145,397,3,59.978,28227.26947985351
5343,,,,2813.0,7130.751822415145,7130.751822415145,398,3,59.944,29074.556681619826
5344,,,,2808.0,7132.751822415145,7132.751822415145,399,3,59.912,27356.89927767953
5345,,,,2803.0,7134.751822415145,7134.751822415145,400,3,59.88,27349.958089941152
5346,,,,2796.0,7136.751822415145,7136.751822415145,401,3,59.846,29051.461455481323
5347,,,,2788.0,7138.751822415145,7138.751822415145,402,3,59.813,28189.124842501336
5348,,,,2782.0,7140.751822415145,7140.751822415145,403,3,59.779,29035.21092617233
5349,,,,2776.0,7142.751822415145,7142.751822415145,404,3,59.745,29026.82913996497
5350,,,,2771.0,7144.751822415145,7144.751822415145,405,3,59.713,27311.92842246318
5351,,,,2773.0,7146.751822415145,7146.751822415145,406,3,59.681,27304.93718673694
5352,,,,2777.0,7148.751822415145,7148.751822415145,407,3,59.652,24739.378035500627
5353,,,,2779.0,7150.751822415145,7150.751822415145,408,3,59.627,21323.36316564519
5354,,,,2780.0,7152.751822415145,7152.751822415145,409,3,59.605,18762.41191638921
5355,,,,2779.0,7154.751822415145,7154.751822415145,410,3,59.584,17908.12201419323
5356,,,,2776.0,7156.751822415145,7156.751822415145,411,3,59.559,21316.92205945504
5357,,,,2774.0,7158.751822415145,7158.751822415145,412,3,59.533,22166.30187290848
5358,,,,2773.0,7160.751822415145,7160.751822415145,413,3,59.506,23015.035877089736
5359,,,,2769.0,7162.751822415145,7162.751822415145,414,3,59.477,24715.125302509172
5360,,,,2764.0,7164.751822415145,7164.751822415145,415,3,59.446,26413.66721028835
5361,,,,2760.0,7166.751822415145,7166.751822415145,416,3,59.416,25555.63365347824
5362,,,,2756.0,7168.751822415145,7168.751822415145,417,3,59.385,26401.301442895976
5363,,,,2752.0,7170.751822415145,7170.751822415145,418,3,59.353,27246.103356474745
5364,,,,2747.0,7172.751822415145,7172.751822415145,419,3,59.324,24685.979372837057
5365,,,,2742.0,7174.751822415145,7174.751822415145,420,3,59.294,25531.641350138158
5366,,,,2737.0,7176.751822415145,7176.751822415145,421,3,59.263,26376.479140111227
5367,,,,2733.0,7178.751822415145,7178.751822415145,422,3,59.232,26370.032113108547
5368,,,,2731.0,7180.751822415145,7180.751822415145,423,3,59.202,25513.354840078428
5369,,,,2724.0,7182.751822415145,7182.751822415145,424,3,59.172,25507.531926798078
5370,,,,2721.0,7184.751822415145,7184.751822415145,425,3,59.139,28051.160704433045
5371,,,,2718.0,7186.751822415145,7186.751822415145,426,3,59.108,26344.167125103857
5372,,,,2716.0,7188.751822415145,7188.751822415145,427,3,59.076,27187.054252166974
5373,,,,2715.0,7190.751822415145,7190.751822415145,428,3,59.044,27179.891368440705
5374,,,,2717.0,7192.751822415145,7192.751822415145,429,3,59.012,27172.720292702365
5375,,,,2718.0,7194.751822415145,7194.751822415145,430,3,58.981,26316.840905248126
5376,,,,2716.0,7196.751822415145,7196.751822415145,431,3,58.949,27158.81415736042
5377,,,,2715.0,7198.751822415145,7198.751822415145,432,3,58.914,29696.327011583176
5378,,,,2714.0,7200.751822415145,7200.751822415145,433,3,58.879,29686.935579624285
5379,,,,2712.0,7202.751822415145,7202.751822415145,434,3,58.843,30525.20460137594
5380,,,,2711.0,7204.751822415145,7204.751822415145,435,3,58.81,27972.80198336716
5381,,,,2709.0,7206.751822415145,7206.751822415145,436,3,58.778,27117.6810654159
5382,,,,2706.0,7208.751822415145,7208.751822415145,437,3,58.743,29651.29030226887
5383,,,,2703.0,7210.751822415145,7210.751822415145,438,3,58.708,29641.850430309973
5384,,,,2704.0,7212.751822415145,7212.751822415145,439,3,58.672,30478.781120944386
5385,,,,2705.0,7214.751822415145,7214.751822415145,440,3,58.64,27084.062905314313
5386,,,,2703.0,7216.751822415145,7216.751822415145,441,3,58.607,27922.70253045044
5387,,,,2698.0,7218.751822415145,7218.751822415145,442,3,58.572,29606.014192954568
5388,,,,2693.0,7220.751822415145,7220.751822415145,443,3,58.538,28751.156361388377
5389,,,,2692.0,7222.751822415145,7222.751822415145,444,3,58.502,30432.631438632015
5390,,,,2691.0,7224.751822415145,7224.751822415145,445,3,58.467,29577.51985706582
5391,,,,2688.0,7226.751822415145,7226.751822415145,446,3,58.433,28723.447793370324
5392,,,,2685.0,7228.751822415145,7228.751822415145,447,3,58.398,29558.980645757554
5393,,,,2679.0,7230.751822415145,7230.751822415145,448,3,58.362,30393.452980268077
5394,,,,2675.0,7232.751822415145,7232.751822415145,449,3,58.326,30383.112407544377
5395,,,,2669.0,7234.751822415145,7234.751822415145,450,3,58.291,29529.32686461366
5396,,,,2662.0,7236.751822415145,7236.751822415145,451,3,58.253,32049.200166876144
5397,,,,2655.0,7238.751822415145,7238.751822415145,452,3,58.218,29508.66322279513
5398,,,,2649.0,7240.751822415145,7240.751822415145,453,3,58.18,32026.743163771378
5399,,,,2646.0,7242.751822415145,7242.751822415145,454,3,58.146,28645.691848804072
5400,,,,2641.0,7244.751822415145,7244.751822415145,455,3,58.114,26952.795099970528
5401,,,,2637.0,7246.751822415145,7246.751822415145,456,3,58.08,28628.988762625075
5402,,,,2635.0,7248.751822415145,7248.751822415145,457,3,58.05,25253.926474113083
5403,,,,2633.0,7250.751822415145,7250.751822415145,458,3,58.017,27771.90938847961
5404,,,,2631.0,7252.751822415145,7252.751822415145,459,3,57.987,25240.446672224352
5405,,,,2629.0,7254.751822415145,7254.751822415145,460,3,57.957,25234.348358944004
5406,,,,2623.0,7256.751822415145,7256.751822415145,461,3,57.926,26068.95931454396
5407,,,,2618.0,7258.751822415145,7258.751822415145,462,3,57.894,26902.67635431092
5408,,,,2613.0,7260.751822415145,7260.751822415145,463,3,57.865,24374.423736114633
5409,,,,2609.0,7262.751822415145,7262.751822415145,464,3,57.835,25209.011575603927
5410,,,,2607.0,7264.751822415145,7264.751822415145,465,3,57.803,26882.60387969717
5411,,,,2606.0,7266.751822415145,7266.751822415145,466,3,57.775,23516.545979669638
5412,,,,2604.0,7268.751822415145,7268.751822415145,467,3,57.747,23511.62094481209
5413,,,,2601.0,7270.751822415145,7270.751822415145,468,3,57.716,26024.587347816116
5414,,,,2600.0,7272.751822415145,7272.751822415145,469,3,57.686,25178.703174311533
5415,,,,2600.0,7274.751822415145,7274.751822415145,470,3,57.659,22655.868721825682
5416,,,,2599.0,7276.751822415145,7276.751822415145,471,3,57.633,21812.733048853912
5417,,,,2597.0,7278.751822415145,7278.751822415145,472,3,57.603,25163.227350235906
5418,,,,2596.0,7280.751822415145,7280.751822415145,473,3,57.573,25157.036156955557
5419,,,,2594.0,7282.751822415145,7282.751822415145,474,3,57.544,24312.68770469087
5420,,,,2592.0,7284.751822415145,7284.751822415145,475,3,57.512,26820.940981750548
5421,,,,2592.0,7286.751822415145,7286.751822415145,476,3,57.48,26813.381298024196
5422,,,,2590.0,7288.751822415145,7288.751822415145,477,3,57.45,25130.88740850018
5423,,,,2588.0,7290.751822415145,7290.751822415145,478,3,57.42,25124.659855225786
5424,,,,2585.0,7292.751822415145,7292.751822415145,479,3,57.391,24281.355755018754
5425,,,,2581.0,7294.751822415145,7294.751822415145,480,3,57.363,23438.854617622877
5426,,,,2577.0,7296.751822415145,7296.751822415145,481,3,57.333,25107.24741071278
5427,,,,2575.0,7298.751822415145,7298.751822415145,482,3,57.304,24264.503367316902
5428,,,,2573.0,7300.751822415145,7300.751822415145,483,3,57.274,25095.166269261426
5429,,,,2574.0,7302.751822415145,7302.751822415145,484,3,57.247,22580.597919280586
5430,,,,2574.0,7304.751822415145,7304.751822415145,485,3,57.223,20068.19858668544
5431,,,,2573.0,7306.751822415145,7306.751822415145,486,3,57.2,19229.39066684956
5432,,,,2569.0,7308.751822415145,7308.751822415145,487,3,57.173,22569.944548998217
5433,,,,2569.0,7310.751822415145,7310.751822415145,488,3,57.147,21729.89385680379
5434,,,,2570.0,7312.751822415145,7312.751822415145,489,3,57.121,21725.951656333946
5435,,,,2568.0,7314.751822415145,7314.751822415145,490,3,57.097,20051.431767663475
5436,,,,2563.0,7316.751822415145,7316.751822415145,491,3,57.071,21718.8119736016
5437,,,,2559.0,7318.751822415145,7318.751822415145,492,3,57.041,25054.72223878406
5438,,,,2557.0,7320.751822415145,7320.751822415145,493,3,57.009,26717.81585108337
5439,,,,2554.0,7322.751822415145,7322.751822415145,494,3,56.979,25041.175042004677
5440,,,,2550.0,7324.751822415145,7324.751822415145,495,3,56.949,25034.82976872433
5441,,,,2546.0,7326.751822415145,7326.751822415145,496,3,56.918,25862.53274265031
5442,,,,2539.0,7328.751822415145,7328.751822415145,497,3,56.887,25855.506635647627
5443,,,,2537.0,7330.751822415145,7330.751822415145,498,3,56.854,27515.63242010064
5444,,,,2537.0,7332.751822415145,7332.751822415145,499,3,56.827,22507.05311794821
5445,,,,2536.0,7334.751822415145,7334.751822415145,500,3,56.801,21669.262682008964
5446,,,,2535.0,7336.751822415145,7336.751822415145,501,3,56.777,19999.046363671176
5447,,,,2536.0,7338.751822415145,7338.751822415145,502,3,56.756,17497.000723740097
5448,,,,2539.0,7340.751822415145,7340.751822415145,503,3,56.735,17495.294566632725
5449,,,,2540.0,7342.751822415145,7342.751822415145,504,3,56.714,17493.584881525356
5450,,,,2538.0,7344.751822415145,7344.751822415145,505,3,56.69,19990.18165606077
5451,,,,2537.0,7346.751822415145,7346.751822415145,506,3,56.664,21652.376358026082
5452,,,,2535.0,7348.751822415145,7348.751822415145,507,3,56.633,25810.33759194824
5453,,,,2532.0,7350.751822415145,7350.751822415145,508,3,56.601,26635.36101950239
5454,,,,2529.0,7352.751822415145,7352.751822415145,509,3,56.569,26627.54955976417
5455,,,,2525.0,7354.751822415145,7354.751822415145,510,3,56.538,25788.091345720124
5456,,,,2523.0,7356.751822415145,7356.751822415145,511,3,56.505,27443.766776617216
5457,,,,2522.0,7358.751822415145,7358.751822415145,512,3,56.476,24110.575049803163
5458,,,,2517.0,7360.751822415145,7360.751822415145,513,3,56.446,24935.724518723837
5459,,,,2511.0,7362.751822415145,7362.751822415145,514,3,56.414,26590.72546168582
5460,,,,2505.0,7364.751822415145,7364.751822415145,515,3,56.38,28243.793779953896
5461,,,,2500.0,7366.751822415145,7366.751822415145,516,3,56.344,29894.750367478428
5462,,,,2496.0,7368.751822415145,7368.751822415145,517,3,56.313,25734.385695791523
5463,,,,2487.0,7370.751822415145,7370.751822415145,518,3,56.28,27386.53697806026
5464,,,,2477.0,7372.751822415145,7372.751822415145,519,3,56.244,29866.01493835704
5465,,,,2471.0,7374.751822415145,7374.751822415145,520,3,56.209,29025.953834008935
5466,,,,2466.0,7376.751822415145,7376.751822415145,521,3,56.175,28186.98181155532
5467,,,,2461.0,7378.751822415145,7378.751822415145,522,3,56.143,26520.532710077856
5468,,,,2456.0,7380.751822415145,7380.751822415145,523,3,56.11,27340.880632612756
5469,,,,2451.0,7382.751822415145,7382.751822415145,524,3,56.076,28160.207462280934
5470,,,,2447.0,7384.751822415145,7384.751822415145,525,3,56.043,27323.042656054036
5471,,,,2443.0,7386.751822415145,7386.751822415145,526,3,56.011,26486.882838682097
5472,,,,2438.0,7388.751822415145,7388.751822415145,527,3,55.981,24824.43282287845
5473,,,,2433.0,7390.751822415145,7390.751822415145,528,3,55.951,24817.848989598104
5474,,,,2428.0,7392.751822415145,7392.751822415145,529,3,55.922,23984.430414245304
5475,,,,2422.0,7394.751822415145,7394.751822415145,530,3,55.891,25631.710951109857
5476,,,,2417.0,7396.751822415145,7396.751822415145,531,3,55.855,29756.06744931483
5477,,,,2415.0,7398.751822415145,7398.751822415145,532,3,55.82,28918.946341884577
5478,,,,2412.0,7400.751822415145,7400.751822415145,533,3,55.788,26431.459500678462
5479,,,,2409.0,7402.751822415145,7402.751822415145,534,3,55.756,26423.441576940288
5480,,,,2405.0,7404.751822415145,7404.751822415145,535,3,55.723,27240.652837564627
5481,,,,2401.0,7406.751822415145,7406.751822415145,536,3,55.691,26406.907121359043
5482,,,,2397.0,7408.751822415145,7408.751822415145,537,3,55.657,28048.289729362546
5483,,,,2393.0,7410.751822415145,7410.751822415145,538,3,55.622,28863.13682162591
5484,,,,2389.0,7412.751822415145,7412.751822415145,539,3,55.589,27204.524916447186
5485,,,,2386.0,7414.751822415145,7414.751822415145,540,3,55.556,27195.715512977964
5486,,,,2381.0,7416.751822415145,7416.751822415145,541,3,55.523,27186.89739750289
5487,,,,2378.0,7418.751822415145,7418.751822415145,542,3,55.49,27178.070570039527
5488,,,,2378.0,7420.751822415145,7420.751822415145,543,3,55.458,26346.162342189047
5489,,,,2377.0,7422.751822415145,7422.751822415145,544,3,55.43,23046.634914350103
5490,,,,2372.0,7424.751822415145,7424.751822415145,545,3,55.399,25509.21241151891
5491,,,,2369.0,7426.751822415145,7426.751822415145,546,3,55.366,27146.597465124876
5492,,,,2366.0,7428.751822415145,7428.751822415145,547,3,55.334,26315.610455720514
5493,,,,2364.0,7430.751822415145,7430.751822415145,548,3,55.302,26307.47707599405
5494,,,,2359.0,7432.751822415145,7432.751822415145,549,3,55.272,24656.073000352902
5495,,,,2357.0,7434.751822415145,7434.751822415145,550,3,55.239,27113.52133534939
5496,,,,2355.0,7436.751822415145,7436.751822415145,551,3,55.208,25462.37478443787
5497,,,,2352.0,7438.751822415145,7438.751822415145,552,3,55.176,26275.813797292256
5498,,,,2349.0,7440.751822415145,7440.751822415145,553,3,55.143,27088.25790980257
5499,,,,2345.0,7442.751822415145,7442.751822415145,554,3,55.111,26258.98110171684
5500,,,,2342.0,7444.751822415145,7444.751822415145,555,3,55.079,26250.790505978704
5501,,,,2340.0,7446.751822415145,7446.751822415145,556,3,55.047,26242.591718252224
5502,,,,2338.0,7448.751822415145,7448.751822415145,557,3,55.015,26234.384738514094
5503,,,,2336.0,7450.751822415145,7450.751822415145,558,3,54.983,26226.169566787612
5504,,,,2333.0,7452.751822415145,7452.751822415145,559,3,54.954,23760.66213592178
5505,,,,2331.0,7454.751822415145,7454.751822415145,560,3,54.926,22935.587646914264
5506,,,,2328.0,7456.751822415145,7456.751822415145,561,3,54.898,22930.048740056718
5507,,,,2323.0,7458.751822415145,7458.751822415145,562,3,54.871,22105.97267745742
5508,,,,2317.0,7460.751822415145,7460.751822415145,563,3,54.845,21282.660020653348
5509,,,,2308.0,7462.751822415145,7462.751822415145,564,3,54.816,23732.812000335172
5510,,,,2303.0,7464.751822415145,7464.751822415145,565,3,54.787,23726.616625775685
5511,,,,2301.0,7466.751822415145,7466.751822415145,566,3,54.761,21267.160944687224
5512,,,,2296.0,7468.751822415145,7468.751822415145,567,3,54.735,21262.75968822913
5513,,,,2289.0,7470.751822415145,7470.751822415145,568,3,54.707,22893.192586564164
5514,,,,2281.0,7472.751822415145,7472.751822415145,569,3,54.676,25339.152390327337
5515,,,,2276.0,7474.751822415145,7474.751822415145,570,3,54.645,25331.567663324655
5516,,,,2271.0,7476.751822415145,7476.751822415145,571,3,54.614,25323.975248327777
5517,,,,2269.0,7478.751822415145,7478.751822415145,572,3,54.584,24499.942245117796
5518,,,,2264.0,7480.751822415145,7480.751822415145,573,3,54.555,23676.81142125326
5519,,,,2259.0,7482.751822415145,7482.751822415145,574,3,54.524,25302.543667152895
5520,,,,2255.0,7484.751822415145,7484.751822415145,575,3,54.494,24479.18022528256
5521,,,,2254.0,7486.751822415145,7486.751822415145,576,3,54.464,24472.245152002208
5522,,,,2253.0,7488.751822415145,7488.751822415145,577,3,54.435,23650.009956563455
5523,,,,2252.0,7490.751822415145,7490.751822415145,578,3,54.407,22828.635475953386
5524,,,,2252.0,7492.751822415145,7492.751822415145,579,3,54.378,23637.87120303855
5525,,,,2254.0,7494.751822415145,7494.751822415145,580,3,54.349,23631.57456047904
5526,,,,2254.0,7496.751822415145,7496.751822415145,581,3,54.319,24439.71081114141
5527,,,,2253.0,7498.751822415145,7498.751822415145,582,3,54.29,23618.526163742732
5528,,,,2255.0,7500.751822415145,7500.751822415145,583,3,54.26,24426.198309695847
5529,,,,2259.0,7502.751822415145,7502.751822415145,584,3,54.23,24419.2063564155
5530,,,,2260.0,7504.751822415145,7504.751822415145,585,3,54.204,21158.026736902808
5531,,,,2255.0,7506.751822415145,7506.751822415145,586,3,54.175,23593.653417087222
5532,,,,2251.0,7508.751822415145,7508.751822415145,587,3,54.142,26839.7405478971
5533,,,,2248.0,7510.751822415145,7510.751822415145,588,3,54.109,26830.53105243366
5534,,,,2247.0,7512.751822415145,7512.751822415145,589,3,54.073,29258.80263549166
5535,,,,2246.0,7514.751822415145,7514.751822415145,590,3,54.04,26810.59800463438
5536,,,,2244.0,7516.751822415145,7516.751822415145,591,3,54.005,28425.160772846782
5537,,,,2245.0,7518.751822415145,7518.751822415145,592,3,53.972,26791.12476245538
5538,,,,2247.0,7520.751822415145,7520.751822415145,593,3,53.943,23536.456054564795
5539,,,,2243.0,7522.751822415145,7522.751822415145,594,3,53.915,22718.891049736416
5540,,,,2237.0,7524.751822415145,7524.751822415145,595,3,53.883,25956.90230248379
5541,,,,2233.0,7526.751822415145,7526.751822415145,596,3,53.851,25948.38658675725
5542,,,,2233.0,7528.751822415145,7528.751822415145,597,3,53.817,27560.592141336117
5543,,,,2232.0,7530.751822415145,7530.751822415145,598,3,53.784,26740.44208584285
5544,,,,2232.0,7532.751822415145,7532.751822415145,599,3,53.756,22682.019667509634
5545,,,,2232.0,7534.751822415145,7534.751822415145,600,3,53.727,23485.874173733573
5546,,,,2230.0,7536.751822415145,7536.751822415145,601,3,53.698,23479.43137116252
5547,,,,2229.0,7538.751822415145,7538.751822415145,602,3,53.67,22663.779758732882
5548,,,,2229.0,7540.751822415145,7540.751822415145,603,3,53.643,21848.958908609413
5549,,,,2228.0,7542.751822415145,7542.751822415145,604,3,53.619,19417.215503422176
5550,,,,2227.0,7544.751822415145,7544.751822415145,605,3,53.594,20222.386928413725
5551,,,,2225.0,7546.751822415145,7546.751822415145,606,3,53.568,21026.850488637658
5552,,,,2221.0,7548.751822415145,7548.751822415145,607,3,53.54,22638.8878854657
5553,,,,2218.0,7550.751822415145,7550.751822415145,608,3,53.514,21016.792825514574
5554,,,,2215.0,7552.751822415145,7552.751822415145,609,3,53.487,21820.103939257388
5555,,,,2211.0,7554.751822415145,7554.751822415145,610,3,53.461,21007.10554549774
5556,,,,2205.0,7556.751822415145,7556.751822415145,611,3,53.433,22617.60002054579
5557,,,,2202.0,7558.751822415145,7558.751822415145,612,3,53.404,23419.076685086704
5558,,,,2197.0,7560.751822415145,7560.751822415145,613,3,53.374,24219.65874281625
5559,,,,2193.0,7562.751822415145,7562.751822415145,614,3,53.343,25019.299773212028
5560,,,,2189.0,7564.751822415145,7564.751822415145,615,3,53.313,24204.78511114621
5561,,,,2187.0,7566.751822415145,7566.751822415145,616,3,53.285,22584.81710144735
5562,,,,2184.0,7568.751822415145,7568.751822415145,617,3,53.26,20160.316572979395
5563,,,,2179.0,7570.751822415145,7570.751822415145,618,3,53.231,23380.291037300594
5564,,,,2175.0,7572.751822415145,7572.751822415145,619,3,53.203,22567.951489073086
5565,,,,2173.0,7574.751822415145,7574.751822415145,620,3,53.173,24173.15399583792
5566,,,,2168.0,7576.751822415145,7576.751822415145,621,3,53.144,23360.588181610412
5567,,,,2165.0,7578.751822415145,7578.751822415145,622,3,53.116,22548.90872219428
5568,,,,2163.0,7580.751822415145,7580.751822415145,623,3,53.086,24152.73015132491
5569,,,,2158.0,7582.751822415145,7582.751822415145,624,3,53.058,22536.181064275075
5570,,,,2154.0,7584.751822415145,7584.751822415145,625,3,53.03,22530.23223741753
5571,,,,2150.0,7586.751822415145,7586.751822415145,626,3,53.002,22524.277138559984
5572,,,,2145.0,7588.751822415145,7588.751822415145,627,3,52.971,24930.28670318556
5573,,,,2141.0,7590.751822415145,7590.751822415145,628,3,52.941,24118.55121046419
5574,,,,2142.0,7592.751822415145,7592.751822415145,629,3,52.909,25718.16897288746
5575,,,,2143.0,7594.751822415145,7594.751822415145,630,3,52.882,21693.32253121908
5576,,,,2140.0,7596.751822415145,7596.751822415145,631,3,52.855,21687.959181061997
5577,,,,2137.0,7598.751822415145,7598.751822415145,632,3,52.828,21682.58999889921
5578,,,,2136.0,7600.751822415145,7600.751822415145,633,3,52.8,22479.86197795053
5579,,,,2136.0,7602.751822415145,7602.751822415145,634,3,52.775,20066.513091285833
5580,,,,2135.0,7604.751822415145,7604.751822415145,635,3,52.753,17655.313506946928
5581,,,,2133.0,7606.751822415145,7606.751822415145,636,3,52.732,16850.36253573733
5582,,,,2128.0,7608.751822415145,7608.751822415145,637,3,52.708,19254.4030117316
5583,,,,2122.0,7610.751822415145,7610.751822415145,638,3,52.681,21656.417142938582
5584,,,,2119.0,7612.751822415145,7612.751822415145,639,3,52.65,24857.621628410143
5585,,,,2117.0,7614.751822415145,7614.751822415145,640,3,52.619,24849.516597407463
5586,,,,2117.0,7616.751822415145,7616.751822415145,641,3,52.59,23239.17443204686
5587,,,,2116.0,7618.751822415145,7618.751822415145,642,3,52.563,21630.634480326156
5588,,,,2112.0,7620.751822415145,7620.751822415145,643,3,52.536,21625.20168616907
5589,,,,2108.0,7622.751822415145,7622.751822415145,644,3,52.508,22420.2815881447
5590,,,,2107.0,7624.751822415145,7624.751822415145,645,3,52.481,21613.9068652565
5591,,,,2104.0,7626.751822415145,7626.751822415145,646,3,52.451,24008.709666890893
5592,,,,2104.0,7628.751822415145,7628.751822415145,647,3,52.422,23201.452606294937
5593,,,,2107.0,7630.751822415145,7630.751822415145,648,3,52.395,21595.47787178752
5594,,,,2110.0,7632.751822415145,7632.751822415145,649,3,52.369,20790.57791001369
5595,,,,2111.0,7634.751822415145,7634.751822415145,650,3,52.347,17588.57478039131
5596,,,,2112.0,7636.751822415145,7636.751822415145,651,3,52.325,17585.789908627212
5597,,,,2113.0,7638.751822415145,7638.751822415145,652,3,52.301,19181.089156128895
5598,,,,2115.0,7640.751822415145,7640.751822415145,653,3,52.278,18378.43025123872
5599,,,,2115.0,7642.751822415145,7642.751822415145,654,3,52.256,17576.403218094358
5600,,,,2114.0,7644.751822415145,7644.751822415145,655,3,52.231,19969.429591716147
5601,,,,2116.0,7646.751822415145,7646.751822415145,656,3,52.205,20763.50050647213
5602,,,,2118.0,7648.751822415145,7648.751822415145,657,3,52.179,20758.59006600255
5603,,,,2120.0,7650.751822415145,7650.751822415145,658,3,52.154,19955.64724719985
5604,,,,2120.0,7652.751822415145,7652.751822415145,659,3,52.126,22344.810881165264
5605,,,,2120.0,7654.751822415145,7654.751822415145,660,3,52.099,21541.045734663716
5606,,,,2119.0,7656.751822415145,7656.751822415145,661,3,52.072,21535.51034050097
5607,,,,2117.0,7658.751822415145,7658.751822415145,662,3,52.046,20732.761978404396
5608,,,,2114.0,7660.751822415145,7660.751822415145,663,3,52.023,18336.67597235612
5609,,,,2109.0,7662.751822415145,7662.751822415145,664,3,52.0,18333.355954933668
5610,,,,2105.0,7664.751822415145,7664.751822415145,665,3,51.979,16736.437824601628
5611,,,,2098.0,7666.751822415145,7666.751822415145,666,3,51.961,14343.879319593487
5612,,,,2095.0,7668.751822415145,7668.751822415145,667,3,51.947,11155.82530108583
5613,,,,2096.0,7670.751822415145,7670.751822415145,668,3,51.943,3187.6576273267337
5615,,,,2105.0,7674.751822415145,7674.751822415145,670,3,51.916,21521.48533715461
5616,,,,2110.0,7676.751822415145,7676.751822415145,671,3,51.888,22312.571292870445
5617,,,,2114.0,7678.751822415145,7678.751822415145,1,4,51.762,100283.7309255577
5628,,,,2104.0,7700.751822415145,7700.751822415145,12,4,51.729,26299.630726168667
5629,,,,2103.0,7702.751822415145,7702.751822415145,13,4,51.685,35049.184586380106
5630,,,,2100.0,7704.751822415145,7704.751822415145,14,4,51.64,35824.20669229838
5631,,,,2102.0,7706.751822415145,7706.751822415145,15,4,51.596,35007.02617011261
5632,,,,2102.0,7708.751822415145,7708.751822415145,16,4,51.552,34986.262651050565
5633,,,,2103.0,7710.751822415145,7710.751822415145,17,4,51.509,34171.145123506285
5634,,,,2107.0,7712.751822415145,7712.751822415145,18,4,51.465,34945.36787109816
5635,,,,2112.0,7714.751822415145,7714.751822415145,19,4,51.421,34924.55806404741
5636,,,,2114.0,7716.751822415145,7716.751822415145,20,4,51.378,34110.797935474955
5637,,,,2114.0,7718.751822415145,7718.751822415145,21,4,51.334,34883.57123608936
5638,,,,2109.0,7720.751822415145,7720.751822415145,22,4,51.29,34862.7151410386
5639,,,,2105.0,7722.751822415145,7722.751822415145,23,4,51.243,37216.334892559185
5640,,,,2101.0,7724.751822415145,7724.751822415145,24,4,51.195,37982.79010486045
5641,,,,2100.0,7726.751822415145,7726.751822415145,25,4,51.145,39537.78907529605
5642,,,,2099.0,7728.751822415145,7728.751822415145,26,4,51.098,37139.90631122529
5643,,,,2098.0,7730.751822415145,7730.751822415145,27,4,51.048,39483.26878261863
5644,,,,2098.0,7732.751822415145,7732.751822415145,28,4,50.999,38666.10213587752
5645,,,,2096.0,7734.751822415145,7734.751822415145,29,4,50.949,39427.12393958232
5646,,,,2100.0,7736.751822415145,7736.751822415145,30,4,50.902,37035.807763643505
5647,,,,2104.0,7738.751822415145,7738.751822415145,31,4,50.855,37011.19195209767
5648,,,,2102.0,7740.751822415145,7740.751822415145,32,4,50.808,36986.55846854064
5649,,,,2100.0,7742.751822415145,7742.751822415145,33,4,50.763,35389.75704095513
5650,,,,2098.0,7744.751822415145,7744.751822415145,34,4,50.715,37724.252420877965
5651,,,,2102.0,7746.751822415145,7746.751822415145,35,4,50.665,39268.28498782572
5652,,,,2109.0,7748.751822415145,7748.751822415145,36,4,50.613,40808.46052766887
5653,,,,2118.0,7750.751822415145,7750.751822415145,37,4,50.561,40777.07737381324
5654,,,,2129.0,7752.751822415145,7752.751822415145,38,4,50.519,32913.222476809606
5655,,,,2139.0,7754.751822415145,7754.751822415145,39,4,50.497,17233.78822204674
5659,,,,2162.0,7762.751822415145,7762.751822415145,43,4,50.496,783.9835947993456
5660,,,,2170.0,7764.751822415145,7764.751822415145,44,4,50.465,24302.050371027584
5661,,,,2178.0,7766.751822415145,7766.751822415145,45,4,50.421,34476.487071674834
5662,,,,2186.0,7768.751822415145,7768.751822415145,46,4,50.379,32889.78771537801
5663,,,,2193.0,7770.751822415145,7770.751822415145,47,4,50.356,18004.093751109736
5668,,,,2228.0,7780.751822415145,7780.751822415145,52,4,50.341,11752.475493926515
5669,,,,2236.0,7782.751822415145,7782.751822415145,53,4,50.304,28981.91711517722
5670,,,,2243.0,7784.751822415145,7784.751822415145,54,4,50.259,35228.609888290375
5671,,,,2251.0,7786.751822415145,7786.751822415145,55,4,50.217,32860.03039657858
5672,,,,2260.0,7788.751822415145,7788.751822415145,56,4,50.198,14860.04277070723
5673,,,,2265.0,7790.751822415145,7790.751822415145,57,4,50.197,782.1525292095457
5677,,,,2290.0,7798.751822415145,7798.751822415145,61,4,50.196,782.9400917114621
5678,,,,2298.0,7800.751822415145,7800.751822415145,62,4,50.161,27400.101772471415
5679,,,,2310.0,7802.751822415145,7802.751822415145,63,4,50.116,35209.64450233589
5680,,,,2315.0,7804.751822415145,7804.751822415145,64,4,50.076,31278.94778365606
5681,,,,2324.0,7806.751822415145,7806.751822415145,65,4,50.045,24230.213775571898
5682,,,,2332.0,7808.751822415145,7808.751822415145,66,4,50.033,9377.81117860431
5687,,,,2360.0,7818.751822415145,7818.751822415145,71,4,50.014,14862.610607964903
5688,,,,2368.0,7820.751822415145,7820.751822415145,72,4,49.969,35187.40032572534
5689,,,,2374.0,7822.751822415145,7822.751822415145,73,4,49.931,29696.73046825535
5690,,,,2381.0,7824.751822415145,7824.751822415145,74,4,49.912,14843.687227901224
5695,,,,2406.0,7834.751822415145,7834.751822415145,79,4,49.893,14857.000707085439
5696,,,,2409.0,7836.751822415145,7836.751822415145,80,4,49.848,35174.045858379235
5697,,,,2416.0,7838.751822415145,7838.751822415145,81,4,49.801,36712.81767653449
5698,,,,2425.0,7840.751822415145,7840.751822415145,82,4,49.764,28884.584842353514
5699,,,,2425.0,7842.751822415145,7842.751822415145,83,4,49.744,15608.330966900166
5700,,,,2431.0,7844.751822415145,7844.751822415145,84,4,49.742,1560.885959611494
5706,,,,2453.0,7856.751822415145,7856.751822415145,90,4,49.722,15629.27926529089
5707,,,,2451.0,7858.751822415145,7858.751822415145,91,4,49.676,35932.63382764286
5708,,,,2460.0,7860.751822415145,7860.751822415145,92,4,49.628,37468.996750710874
5709,,,,2464.0,7862.751822415145,7862.751822415145,93,4,49.587,31984.219804495184
5710,,,,2464.0,7864.751822415145,7864.751822415145,94,4,49.547,31186.572286536997
5711,,,,2470.0,7866.751822415145,7866.751822415145,95,4,49.511,28053.529272888307
5712,,,,2478.0,7868.751822415145,7868.751822415145,96,4,49.489,17138.141469224527
5713,,,,2482.0,7870.751822415145,7870.751822415145,97,4,49.476,10126.076403367631
5714,,,,2489.0,7872.751822415145,7872.751822415145,98,4,49.475,779.0166655779855
5733,,,,2589.0,7910.751822415145,7910.751822415145,117,4,49.445,23475.947108200075
5734,,,,2598.0,7912.751822415145,7912.751822415145,118,4,49.417,21903.57317869195
5739,,,,2630.0,7922.751822415145,7922.751822415145,123,4,49.398,14874.847705305809
5740,,,,2639.0,7924.751822415145,7924.751822415145,124,4,49.355,33651.499718920386
5741,,,,2646.0,7926.751822415145,7926.751822415145,125,4,49.308,36757.62440758012
5742,,,,2654.0,7928.751822415145,7928.751822415145,126,4,49.269,30482.11016753165
5743,,,,2661.0,7930.751822415145,7930.751822415145,127,4,49.254,11720.421926997555
5747,,,,2689.0,7938.751822415145,7938.751822415145,131,4,49.253,782.0226257688262
5748,,,,2697.0,7940.751822415145,7940.751822415145,132,4,49.215,29712.578117081255
5749,,,,2706.0,7942.751822415145,7942.751822415145,133,4,49.171,34384.04555520916
5750,,,,2712.0,7944.751822415145,7944.751822415145,134,4,49.132,30458.72459755732
5751,,,,2718.0,7946.751822415145,7946.751822415145,135,4,49.103,22638.82579297076
5752,,,,2723.0,7948.751822415145,7948.751822415145,136,4,49.097,4683.404573767181
5760,,,,2763.0,7964.751822415145,7964.751822415145,144,4,49.086,8602.035509984227
5761,,,,2762.0,7966.751822415145,7966.751822415145,145,4,49.046,31271.731593489054
5762,,,,2763.0,7968.751822415145,7968.751822415145,146,4,48.998,37501.8385764912
5763,,,,2767.0,7970.751822415145,7970.751822415145,147,4,48.952,35913.81648625543
5764,,,,2767.0,7972.751822415145,7972.751822415145,148,4,48.909,33549.52304201427
5765,,,,2765.0,7974.751822415145,7974.751822415145,149,4,48.866,33528.44845577498
5766,,,,2767.0,7976.751822415145,7976.751822415145,150,4,48.82,35843.98101212402
5767,,,,2772.0,7978.751822415145,7978.751822415145,151,4,48.774,35819.20204641156
5768,,,,2776.0,7980.751822415145,7980.751822415145,152,4,48.727,36572.17032155629
5769,,,,2784.0,7982.751822415145,7982.751822415145,153,4,48.679,37323.260352676036
5770,,,,2790.0,7984.751822415145,7984.751822415145,154,4,48.633,35742.5597897712
5771,,,,2797.0,7986.751822415145,7986.751822415145,155,4,48.587,35717.71256005874
5772,,,,2801.0,7988.751822415145,7988.751822415145,156,4,48.54,36468.40441802186
5773,,,,2801.0,7990.751822415145,7990.751822415145,157,4,48.492,37217.214279965556
5774,,,,2799.0,7992.751822415145,7992.751822415145,158,4,48.442,38738.470257697285
5775,,,,2800.0,7994.751822415145,7994.751822415145,159,4,48.39,40255.68604034107
5776,,,,2801.0,7996.751822415145,7996.751822415145,160,4,48.342,37130.00626972278
5777,,,,2796.0,7998.751822415145,7998.751822415145,161,4,48.295,36329.842853546135
5778,,,,2790.0,8000.751822415145,8000.751822415145,162,4,48.244,39391.613589392415
5779,,,,2787.0,8002.751822415145,8002.751822415145,163,4,48.193,39359.83025241221
5780,,,,2785.0,8004.751822415145,8004.751822415145,164,4,48.146,36244.9799335214
5781,,,,2780.0,8006.751822415145,8006.751822415145,165,4,48.099,36218.661969975445
5782,,,,2772.0,8008.751822415145,8008.751822415145,166,4,48.049,38501.27351107638
5783,,,,2763.0,8010.751822415145,8010.751822415145,167,4,47.998,39239.84269466437
5784,,,,2758.0,8012.751822415145,8012.751822415145,168,4,47.946,39976.32396418923
5785,,,,2754.0,8014.751822415145,8014.751822415145,169,4,47.893,40710.667395145494
5786,,,,2752.0,8016.751822415145,8016.751822415145,170,4,47.84,40675.78821740717
5787,,,,2751.0,8018.751822415145,8018.751822415145,171,4,47.787,40640.88656767429
5788,,,,2749.0,8020.751822415145,8020.751822415145,172,4,47.738,37542.933573973736
5789,,,,2746.0,8022.751822415145,8022.751822415145,173,4,47.685,40574.4174989649
5790,,,,2744.0,8024.751822415145,8024.751822415145,174,4,47.63,42068.35709744226
5791,,,,2742.0,8026.751822415145,8026.751822415145,175,4,47.579,38975.16972727798
5792,,,,2740.0,8028.751822415145,8028.751822415145,176,4,47.524,41995.7111511929
5793,,,,2736.0,8030.751822415145,8030.751822415145,177,4,47.471,40432.70727663065
5794,,,,2732.0,8032.751822415145,8032.751822415145,178,4,47.416,41921.204719542606
5795,,,,2730.0,8034.751822415145,8034.751822415145,179,4,47.361,41883.032041016995
5796,,,,2726.0,8036.751822415145,8036.751822415145,180,4,47.309,39563.64334145787
5797,,,,2719.0,8038.751822415145,8038.751822415145,181,4,47.254,41809.26687206717
5798,,,,2714.0,8040.751822415145,8040.751822415145,182,4,47.2,41011.98332225376
5799,,,,2710.0,8042.751822415145,8042.751822415145,183,4,47.145,41733.638137716414
5800,,,,2705.0,8044.751822415145,8044.751822415145,184,4,47.089,42452.99202107766
5801,,,,2701.0,8046.751822415145,8046.751822415145,185,4,47.029,45440.65128132046
5802,,,,2699.0,8048.751822415145,8048.751822415145,186,4,46.973,42369.53105340083
5803,,,,2696.0,8050.751822415145,8050.751822415145,187,4,46.915,43840.40125196883
5804,,,,2693.0,8052.751822415145,8052.751822415145,188,4,46.859,42287.76996612686
5805,,,,2692.0,8054.751822415145,8054.751822415145,189,4,46.802,43001.71829503745
5806,,,,2691.0,8056.751822415145,8056.751822415145,190,4,46.747,41453.55919293108
5807,,,,2691.0,8058.751822415145,8058.751822415145,191,4,46.691,42167.644555836305
5808,,,,2688.0,8060.751822415145,8060.751822415145,192,4,46.637,40623.86768844902
5809,,,,2686.0,8062.751822415145,8062.751822415145,193,4,46.58,42840.37558791576
5810,,,,2683.0,8064.751822415145,8064.751822415145,194,4,46.524,42048.19660574986
5811,,,,2684.0,8066.751822415145,8066.751822415145,195,4,46.469,41258.329872201626
5812,,,,2684.0,8068.751822415145,8068.751822415145,196,4,46.414,41219.74315367601
5813,,,,2680.0,8070.751822415145,8070.751822415145,197,4,46.363,38187.78723324015
5814,,,,2675.0,8072.751822415145,8072.751822415145,198,4,46.307,41893.70703745789
5815,,,,2671.0,8074.751822415145,8074.751822415145,199,4,46.252,41106.50246620058
5816,,,,2665.0,8076.751822415145,8076.751822415145,200,4,46.196,41814.054938806934
5817,,,,2663.0,8078.751822415145,8078.751822415145,201,4,46.139,42519.23832279035
5818,,,,2662.0,8080.751822415145,8080.751822415145,202,4,46.084,40987.71464252235
5819,,,,2662.0,8082.751822415145,8082.751822415145,203,4,46.03,40204.86847397876
5820,,,,2661.0,8084.751822415145,8084.751822415145,204,4,45.98,37193.90075902404
5821,,,,2656.0,8086.751822415145,8086.751822415145,205,4,45.93,37162.667999906684
5822,,,,2650.0,8088.751822415145,8088.751822415145,206,4,45.876,40100.18128966834
5823,,,,2648.0,8090.751822415145,8090.751822415145,207,4,45.822,40062.911073034746
5824,,,,2644.0,8092.751822415145,8092.751822415145,208,4,45.772,37062.3755211178
5825,,,,2641.0,8094.751822415145,8094.751822415145,209,4,45.721,37771.2695529011
5826,,,,2639.0,8096.751822415145,8096.751822415145,210,4,45.668,39217.56477182896
5827,,,,2636.0,8098.751822415145,8098.751822415145,211,4,45.617,37704.02256556892
5828,,,,2629.0,8100.751822415145,8100.751822415145,212,4,45.563,39885.83376305817
5829,,,,2623.0,8102.751822415145,8102.751822415145,213,4,45.507,41323.38607417476
5830,,,,2620.0,8104.751822415145,8104.751822415145,214,4,45.453,39809.24419140788
5831,,,,2616.0,8106.751822415145,8106.751822415145,215,4,45.399,39771.789294784794
5832,,,,2612.0,8108.751822415145,8108.751822415145,216,4,45.344,40469.685664177756
5833,,,,2605.0,8110.751822415145,8110.751822415145,217,4,45.289,40430.597345652146
5834,,,,2599.0,8112.751822415145,8112.751822415145,218,4,45.233,41125.42114624847
5835,,,,2595.0,8114.751822415145,8114.751822415145,219,4,45.176,41817.85605822203
5836,,,,2590.0,8116.751822415145,8116.751822415145,220,4,45.123,38845.532359053264
5837,,,,2585.0,8118.751822415145,8118.751822415145,221,4,45.069,39541.3090758287
5838,,,,2580.0,8120.751822415145,8120.751822415145,222,4,45.014,40234.79275302409
5839,,,,2576.0,8122.751822415145,8122.751822415145,223,4,44.959,40195.559234498476
5840,,,,2573.0,8124.751822415145,8124.751822415145,224,4,44.905,39426.62567955528
5841,,,,2572.0,8126.751822415145,8126.751822415145,225,4,44.85,40117.91354014772
5842,,,,2570.0,8128.751822415145,8128.751822415145,226,4,44.798,37893.769855545106
5843,,,,2567.0,8130.751822415145,8130.751822415145,227,4,44.746,37859.122141689484
5844,,,,2564.0,8132.751822415145,8132.751822415145,228,4,44.694,37824.452795833866
5845,,,,2561.0,8134.751822415145,8134.751822415145,229,4,44.64,39242.33564239776
5846,,,,2559.0,8136.751822415145,8136.751822415145,230,4,44.589,37027.745646477735
5847,,,,2557.0,8138.751822415145,8138.751822415145,231,4,44.537,37719.46853607747
5848,,,,2553.0,8140.751822415145,8140.751822415145,232,4,44.485,37684.712454221844
5849,,,,2549.0,8142.751822415145,8142.751822415145,233,4,44.433,37649.934740366225
5850,,,,2542.0,8144.751822415145,8144.751822415145,234,4,44.378,39783.89547552793
5851,,,,2535.0,8146.751822415145,8146.751822415145,235,4,44.322,40466.54565229862
5852,,,,2530.0,8148.751822415145,8148.751822415145,236,4,44.268,38982.4878931804
5853,,,,2524.0,8150.751822415145,8150.751822415145,237,4,44.213,39665.26695995109
5854,,,,2518.0,8152.751822415145,8152.751822415145,238,4,44.159,38905.64913872692
5855,,,,2513.0,8154.751822415145,8154.751822415145,239,4,44.102,41025.55338409799
5856,,,,2509.0,8156.751822415145,8156.751822415145,240,4,44.047,39545.52340167379
5857,,,,2504.0,8158.751822415145,8158.751822415145,241,4,43.993,38788.01156404956
5858,,,,2501.0,8160.751822415145,8160.751822415145,242,4,43.938,39467.068767323035
5859,,,,2496.0,8162.751822415145,8162.751822415145,243,4,43.883,39427.35652879743
5860,,,,2491.0,8164.751822415145,8164.751822415145,244,4,43.828,39387.62009027181
5861,,,,2488.0,8166.751822415145,8166.751822415145,245,4,43.775,37917.893874651934
5862,,,,2485.0,8168.751822415145,8168.751822415145,246,4,43.723,37166.971241799096
5863,,,,2481.0,8170.751822415145,8170.751822415145,247,4,43.672,36418.225631519934
5864,,,,2478.0,8172.751822415145,8172.751822415145,248,4,43.621,36384.62526653466
5865,,,,2475.0,8174.751822415145,8174.751822415145,249,4,43.57,36351.004093559524
5866,,,,2471.0,8176.751822415145,8176.751822415145,250,4,43.519,36317.36211257932
5867,,,,2467.0,8178.751822415145,8178.751822415145,251,4,43.466,37705.72254545547
5868,,,,2463.0,8180.751822415145,8180.751822415145,252,4,43.414,36958.673353233964
5869,,,,2460.0,8182.751822415145,8182.751822415145,253,4,43.362,36923.456551378345
5870,,,,2456.0,8184.751822415145,8184.751822415145,254,4,43.308,38306.111784232366
5871,,,,2453.0,8186.751822415145,8186.751822415145,255,4,43.254,38267.72700760404
5872,,,,2450.0,8188.751822415145,8188.751822415145,256,4,43.203,36106.7207318342
5873,,,,2448.0,8190.751822415145,8190.751822415145,257,4,43.15,37486.6875824169
5874,,,,2446.0,8192.751822415144,8192.751822415144,258,4,43.101,34625.01883432094
5875,,,,2443.0,8194.751822415144,8194.751822415144,259,4,43.051,35299.71295023347
5876,,,,2438.0,8196.751822415144,8196.751822415144,260,4,43.0,35972.27324460429
5877,,,,2435.0,8198.751822415144,8198.751822415144,261,4,42.947,37346.88051269714
5878,,,,2431.0,8200.751822415144,8200.751822415144,262,4,42.894,37309.91907096382
5879,,,,2427.0,8202.751822415144,8202.751822415144,263,4,42.84,37975.7551361152
5880,,,,2424.0,8204.751822415144,8204.751822415144,264,4,42.785,38639.25311369111
5881,,,,2423.0,8206.751822415144,8206.751822415144,265,4,42.734,35793.493664153524
5882,,,,2419.0,8208.751822415144,8208.751822415144,266,4,42.685,34357.98522402473
5883,,,,2414.0,8210.751822415144,8210.751822415144,267,4,42.634,35727.18987156988
5884,,,,2411.0,8212.751822415144,8212.751822415144,268,4,42.585,34294.24238016506
5885,,,,2408.0,8214.751822415144,8214.751822415144,269,4,42.538,32865.423010836785
5886,,,,2405.0,8216.751822415144,8216.751822415144,270,4,42.494,30742.221002396454
5887,,,,2401.0,8218.751822415144,8218.751822415144,271,4,42.447,32811.12293174288
5888,,,,2397.0,8220.751822415144,8220.751822415144,272,4,42.404,29994.177554000627
5889,,,,2394.0,8222.751822415144,8222.751822415144,273,4,42.361,29971.067003766286
5890,,,,2391.0,8224.751822415144,8224.751822415144,274,4,42.315,32036.1979244815
5891,,,,2389.0,8226.751822415144,8226.751822415144,275,4,42.27,31313.691130450567
5892,,,,2388.0,8228.751822415144,8228.751822415144,276,4,42.225,31287.97733557473
5893,,,,2385.0,8230.751822415144,8230.751822415144,277,4,42.181,30567.8928862048
5894,,,,2381.0,8232.751822415144,8232.751822415144,278,4,42.135,31931.02432230231
5895,,,,2377.0,8234.751822415144,8234.751822415144,279,4,42.085,34676.539924188204
5896,,,,2373.0,8236.751822415144,8236.751822415144,280,4,42.036,33951.30620261548
5897,,,,2369.0,8238.751822415144,8238.751822415144,281,4,41.986,34611.82028115122
5898,,,,2365.0,8240.751822415144,8240.751822415144,282,4,41.934,35961.32243272783
5899,,,,2361.0,8242.751822415144,8242.751822415144,283,4,41.881,36615.910931771556
5900,,,,2359.0,8244.751822415144,8244.751822415144,284,4,41.827,37268.19101974066
5901,,,,2358.0,8246.751822415144,8246.751822415144,285,4,41.777,34473.071968057826
5902,,,,2355.0,8248.751822415144,8248.751822415144,286,4,41.725,35816.938283115815
5903,,,,2351.0,8250.751822415144,8250.751822415144,287,4,41.673,35781.002425260194
5904,,,,2348.0,8252.751822415144,8252.751822415144,288,4,41.621,35745.04493540458
5905,,,,2345.0,8254.751822415144,8254.751822415144,289,4,41.57,35022.77400178678
5906,,,,2341.0,8256.751822415144,8256.751822415144,290,4,41.522,32931.361076550966
5907,,,,2336.0,8258.751822415144,8258.751822415144,291,4,41.47,35641.33722478536
5908,,,,2331.0,8260.751822415144,8260.751822415144,292,4,41.419,34920.99834821794
5909,,,,2326.0,8262.751822415144,8262.751822415144,293,4,41.368,34886.470191232875
5910,,,,2321.0,8264.751822415144,8264.751822415144,294,4,41.314,36900.695349771566
5911,,,,2316.0,8266.751822415144,8266.751822415144,295,4,41.261,36179.23268200246
5912,,,,2312.0,8268.751822415144,8268.751822415144,296,4,41.208,36141.53178426898
5913,,,,2306.0,8270.751822415144,8270.751822415144,297,4,41.157,34742.24416651571
5914,,,,2300.0,8272.751822415144,8272.751822415144,298,4,41.102,37427.95606880241
5915,,,,2297.0,8274.751822415144,8274.751822415144,299,4,41.048,36707.62655941238
5916,,,,2295.0,8276.751822415144,8276.751822415144,300,4,40.997,34632.37126677389
5917,,,,2290.0,8278.751822415144,8278.751822415144,301,4,40.949,32563.708648303542
5918,,,,2285.0,8280.751822415144,8280.751822415144,302,4,40.901,32533.417759901036
5919,,,,2279.0,8282.751822415144,8282.751822415144,303,4,40.853,32503.108439508163
5920,,,,2272.0,8284.751822415144,8284.751822415144,304,4,40.806,31796.653806132927
5921,,,,2266.0,8286.751822415144,8286.751822415144,305,4,40.756,33794.20260698928
5922,,,,2259.0,8288.751822415144,8288.751822415144,306,4,40.706,33760.915047877206
5923,,,,2254.0,8290.751822415144,8290.751822415144,307,4,40.657,33053.46158583545
5924,,,,2251.0,8292.751822415144,8292.751822415144,308,4,40.61,31674.57193055195
5925,,,,2247.0,8294.751822415144,8294.751822415144,309,4,40.563,31645.56481500052
5926,,,,2243.0,8296.751822415144,8296.751822415144,310,4,40.518,30271.902053097052
5927,,,,2238.0,8298.751822415144,8298.751822415144,311,4,40.473,30245.58939821627
5928,,,,2234.0,8300.751822415144,8300.751822415144,312,4,40.43,28876.89616162016
5929,,,,2230.0,8302.751822415144,8302.751822415144,313,4,40.386,29523.788416331245
5930,,,,2223.0,8304.751822415144,8304.751822415144,314,4,40.342,29498.744225279617
5931,,,,2216.0,8306.751822415144,8306.751822415144,315,4,40.295,31482.082695090252
5932,,,,2211.0,8308.751822415144,8308.751822415144,316,4,40.246,32790.56384592743
5933,,,,2208.0,8310.751822415144,8310.751822415144,317,4,40.198,32090.405740914684
5934,,,,2205.0,8312.751822415144,8312.751822415144,318,4,40.149,32727.32886310355
5935,,,,2202.0,8314.751822415144,8314.751822415144,319,4,40.101,32028.424019944352
5936,,,,2198.0,8316.751822415144,8316.751822415144,320,4,40.053,31997.80442754666
5937,,,,2195.0,8318.751822415144,8318.751822415144,321,4,40.004,32632.741417707028
5938,,,,2191.0,8320.751822415144,8320.751822415144,322,4,39.956,31935.7111545716
5939,,,,2187.0,8322.751822415144,8322.751822415144,323,4,39.907,32569.316510887875
5940,,,,2183.0,8324.751822415144,8324.751822415144,324,4,39.86,31209.90249507171
5941,,,,2179.0,8326.751822415144,8326.751822415144,325,4,39.813,31180.613003520284
5942,,,,2174.0,8328.751822415144,8328.751822415144,326,4,39.766,31151.305839973564
5943,,,,2171.0,8330.751822415144,8330.751822415144,327,4,39.721,29798.391154875193
5944,,,,2166.0,8332.751822415144,8332.751822415144,328,4,39.678,28449.322963760933
5945,,,,2159.0,8334.751822415144,8334.751822415144,329,4,39.634,29086.01680773113
5946,,,,2153.0,8336.751822415144,8336.751822415144,330,4,39.588,30380.891032266725
5947,,,,2147.0,8338.751822415144,8338.751822415144,331,4,39.541,31012.343368929472
5948,,,,2144.0,8340.751822415144,8340.751822415144,332,4,39.495,30324.104407674142
5949,,,,2140.0,8342.751822415144,8342.751822415144,333,4,39.451,28979.58295638296
5950,,,,2134.0,8344.751822415144,8344.751822415144,334,4,39.403,31584.81888982794
5951,,,,2128.0,8346.751822415144,8346.751822415144,335,4,39.355,31553.92704143025
5952,,,,2124.0,8348.751822415144,8348.751822415144,336,4,39.306,32179.33718804655
5953,,,,2120.0,8350.751822415144,8350.751822415144,337,4,39.258,31491.286376455257
5954,,,,2115.0,8352.751822415144,8352.751822415144,338,4,39.211,30805.307889398136
5955,,,,2109.0,8354.751822415144,8354.751822415144,339,4,39.161,32738.930491314124
5956,,,,2105.0,8356.751822415144,8356.751822415144,340,4,39.112,32051.293734398798
5957,,,,2100.0,8358.751822415144,8358.751822415144,341,4,39.062,32671.85324827686
5958,,,,2096.0,8360.751822415144,8360.751822415144,342,4,39.011,33290.19782859892
5959,,,,2093.0,8362.751822415144,8362.751822415144,343,4,38.961,32603.024254870463
5960,,,,2091.0,8364.751822415144,8364.751822415144,344,4,38.912,31918.027614679457
5961,,,,2088.0,8366.751822415144,8366.751822415144,345,4,38.861,33186.0768637206
5962,,,,2084.0,8368.751822415144,8368.751822415144,346,4,38.81,33150.475462735776
5963,,,,2081.0,8370.751822415144,8370.751822415144,347,4,38.758,33763.72882277684
5964,,,,2080.0,8372.751822415144,8372.751822415144,348,4,38.706,33726.516052921215
5965,,,,2078.0,8374.751822415144,8374.751822415144,349,4,38.655,33041.83796242801
5966,,,,2073.0,8376.751822415144,8376.751822415144,350,4,38.605,32359.392289992462
5967,,,,2070.0,8378.751822415144,8378.751822415144,351,4,38.553,33617.36212192294
5968,,,,2068.0,8380.751822415144,8380.751822415144,352,4,38.501,33580.06344806732
5969,,,,2064.0,8382.751822415144,8382.751822415144,353,4,38.449,33542.7431422117
5970,,,,2061.0,8384.751822415144,8384.751822415144,354,4,38.394,35437.0216359414
5971,,,,2058.0,8386.751822415144,8386.751822415144,355,4,38.341,34108.542257928624
5972,,,,2054.0,8388.751822415144,8388.751822415144,356,4,38.289,33427.16271188672
5973,,,,2051.0,8390.751822415144,8390.751822415144,357,4,38.236,34031.421010149716
5974,,,,2048.0,8392.751822415144,8392.751822415144,358,4,38.181,35274.19038074221
5975,,,,2046.0,8394.751822415144,8394.751822415144,359,4,38.127,34591.68299149892
5976,,,,2044.0,8396.751822415144,8396.751822415144,360,4,38.074,33911.56693785519
5977,,,,2043.0,8398.751822415144,8398.751822415144,361,4,38.022,33233.79377128189
5978,,,,2039.0,8400.751822415144,8400.751822415144,362,4,37.97,33196.27648942627
5979,,,,2035.0,8402.751822415144,8402.751822415144,363,4,37.914,35707.52748035878
5980,,,,2029.0,8404.751822415144,8404.751822415144,364,4,37.861,33754.11367520869
5981,,,,2022.0,8406.751822415144,8406.751822415144,365,4,37.803,36893.13125369062
5982,,,,2018.0,8408.751822415144,8408.751822415144,366,4,37.748,34940.92849144058
5983,,,,2013.0,8410.751822415144,8410.751822415144,367,4,37.694,34264.29270527553
5984,,,,2007.0,8412.751822415144,8412.751822415144,368,4,37.639,34856.68081708983
5985,,,,2003.0,8414.751822415144,8414.751822415144,369,4,37.584,34814.05819856421
5986,,,,2000.0,8416.751822415144,8416.751822415144,370,4,37.529,34771.411380038604
5987,,,,1994.0,8418.751822415144,8418.751822415144,371,4,37.474,34728.74036151748
5988,,,,1986.0,8420.751822415144,8420.751822415144,372,4,37.417,35946.39590974896
5989,,,,1979.0,8422.751822415144,8422.751822415144,373,4,37.359,36529.542035828956
5990,,,,1974.0,8424.751822415144,8424.751822415144,374,4,37.3,37110.02923227474
5991,,,,1970.0,8426.751822415144,8426.751822415144,375,4,37.242,36432.52219209513
5992,,,,1974.0,8428.751822415144,8428.751822415144,376,4,37.182,37638.08553788245
5993,,,,1980.0,8430.751822415144,8430.751822415144,377,4,37.127,34456.440544451405
5994,,,,1985.0,8432.751822415144,8432.751822415144,378,4,37.077,31287.195811527337
5995,,,,1989.0,8434.751822415144,8434.751822415144,379,4,37.027,31252.442452410818
5996,,,,1993.0,8436.751822415144,8436.751822415144,380,4,36.979,29969.772257744586
5997,,,,1997.0,8438.751822415144,8438.751822415144,381,4,36.935,27444.643696885778
5998,,,,2000.0,8440.751822415144,8440.751822415144,382,4,36.895,24927.228281955875
5999,,,,2004.0,8442.751822415144,8442.751822415144,383,4,36.867,17437.119277903217
6000,,,,2005.0,8444.751822415144,8444.751822415144,384,4,36.846,13072.247812799933
6001,,,,2005.0,8446.751822415144,8446.751822415144,385,4,36.841,3112.0790076886933
6008,,,,1999.0,8460.751822415144,8460.751822415144,392,4,36.823,11218.55080043543
6009,,,,2001.0,8462.751822415144,8462.751822415144,393,4,36.792,19312.549737619072
6010,,,,2000.0,8464.751822415144,8464.751822415144,394,4,36.765,16811.32724463819
6011,,,,1996.0,8466.751822415144,8466.751822415144,395,4,36.745,12447.818529316692
6012,,,,2000.0,8468.751822415144,8468.751822415144,396,4,36.726,11821.945637747573
6013,,,,2006.0,8470.751822415144,8470.751822415144,397,4,36.704,13684.160739037814
6014,,,,2007.0,8472.751822415144,8472.751822415144,398,4,36.677,16786.95303997807
6015,,,,2009.0,8474.751822415144,8474.751822415144,399,4,36.642,21747.61151036584
6016,,,,2015.0,8476.751822415144,8476.751822415144,400,4,36.604,23593.750231417915
6017,,,,2020.0,8478.751822415144,8478.751822415144,401,4,36.567,22954.753735123126
6018,,,,2021.0,8480.751822415144,8480.751822415144,402,4,36.527,24795.682948303976
6019,,,,2022.0,8482.751822415144,8482.751822415144,403,4,36.482,27869.275251122883
6020,,,,2026.0,8484.751822415144,8484.751822415144,404,4,36.436,28459.792135795517
6021,,,,2029.0,8486.751822415144,8486.751822415144,405,4,36.392,27195.21911580351
6022,,,,2032.0,8488.751822415144,8488.751822415144,406,4,36.344,29637.016922650146
6023,,,,2037.0,8490.751822415144,8490.751822415144,407,4,36.297,28988.50504720931
6024,,,,2048.0,8492.751822415144,8492.751822415144,408,4,36.25,28957.8123236535
6025,,,,2063.0,8494.751822415144,8494.751822415144,409,4,36.203,28927.10192810207
6026,,,,2071.0,8496.751822415144,8496.751822415144,410,4,36.169,20907.515378325887
6030,,,,2106.0,8504.751822415144,8504.751822415144,414,4,36.168,615.2082325766105
6031,,,,2115.0,8506.751822415144,8506.751822415144,415,4,36.132,22141.373643382976
6032,,,,2123.0,8508.751822415144,8508.751822415144,416,4,36.091,25195.63089767989
6033,,,,2129.0,8510.751822415144,8510.751822415144,417,4,36.058,20263.393696769966
6034,,,,2135.0,8512.751822415144,8512.751822415144,418,4,36.047,6751.931671709393
6038,,,,2173.0,8520.751822415144,8520.751822415144,422,4,36.029,11054.550750339147
6039,,,,2182.0,8522.751822415144,8522.751822415144,423,4,35.987,25778.52880020904
6040,,,,2190.0,8524.751822415144,8524.751822415144,424,4,35.951,22077.12947763326
6041,,,,2196.0,8526.751822415144,8526.751822415144,425,4,35.93,12871.14040268797
6045,,,,2228.0,8534.751822415144,8534.751822415144,429,4,35.923,4292.732658870678
6046,,,,2235.0,8536.751822415144,8536.751822415144,430,4,35.884,23906.942986375314
6047,,,,2244.0,8538.751822415144,8538.751822415144,431,4,35.842,25722.921555012017
6048,,,,2250.0,8540.751822415144,8540.751822415144,432,4,35.82,13465.04185615317
6049,,,,2259.0,8542.751822415144,8542.751822415144,433,4,35.819,611.9941978045723
6053,,,,2287.0,8550.751822415144,8550.751822415144,437,4,35.797,13472.154135313236
6054,,,,2297.0,8552.751822415144,8552.751822415144,438,4,35.749,29371.928730549433
6055,,,,2304.0,8554.751822415144,8554.751822415144,439,4,35.714,21397.18803198613
6056,,,,2311.0,8556.751822415144,8556.751822415144,440,4,35.703,6722.072993913006
6061,,,,2347.0,8566.751822415144,8566.751822415144,445,4,35.677,15898.86337218587
6062,,,,2353.0,8568.751822415144,8568.751822415144,446,4,35.634,26274.989231954143
6063,,,,2361.0,8570.751822415144,8570.751822415144,447,4,35.592,25639.335510741297
6064,,,,2368.0,8572.751822415144,8572.751822415144,448,4,35.575,10371.64949207642
6069,,,,2399.0,8582.751822415144,8582.751822415144,453,4,35.546,17702.002878499756
6070,,,,2408.0,8584.751822415144,8584.751822415144,454,4,35.501,27446.438822721833
6071,,,,2414.0,8586.751822415144,8586.751822415144,455,4,35.458,26200.214870370066
6072,,,,2419.0,8588.751822415144,8588.751822415144,456,4,35.431,16438.896754358677
6073,,,,2427.0,8590.751822415144,8590.751822415144,457,4,35.424,4260.884042639295
6078,,,,2456.0,8600.751822415144,8600.751822415144,462,4,35.42,2437.246648427363
6079,,,,2464.0,8602.751822415144,8602.751822415144,463,4,35.385,21319.124497515902
6080,,,,2470.0,8604.751822415144,8604.751822415144,464,4,35.339,27993.873522870097
6081,,,,2477.0,8606.751822415144,8606.751822415144,465,4,35.301,23103.276051943416
6082,,,,2484.0,8608.751822415144,8608.751822415144,466,4,35.286,9114.989473332613
6088,,,,2519.0,8620.751822415144,8620.751822415144,472,4,35.282,2433.3968584197414
6089,,,,2525.0,8622.751822415144,8622.751822415144,473,4,35.252,18245.915311263263
6090,,,,2531.0,8624.751822415144,8624.751822415144,474,4,35.211,24916.761394178757
6091,,,,2540.0,8626.751822415144,8626.751822415144,475,4,35.167,26713.87574934719
6092,,,,2548.0,8628.751822415144,8628.751822415144,476,4,35.13,22443.28857383116
6093,,,,2553.0,8630.751822415144,8630.751822415144,477,4,35.112,10912.342851181937
6100,,,,2595.0,8644.751822415144,8644.751822415144,484,4,35.102,6069.826044593675
6101,,,,2603.0,8646.751822415144,8646.751822415144,485,4,35.064,23054.903558118076
6102,,,,2606.0,8648.751822415144,8648.751822415144,486,4,35.023,24852.76782808009
6103,,,,2610.0,8650.751822415144,8650.751822415144,487,4,34.984,23618.91413044176
6104,,,,2619.0,8652.751822415144,8652.751822415144,488,4,34.956,16944.856948871235
6105,,,,2623.0,8654.751822415144,8654.751822415144,489,4,34.943,7864.460469258114
6111,,,,2651.0,8666.751822415144,8666.751822415144,495,4,34.925,10899.515093913436
6112,,,,2658.0,8668.751822415144,8668.751822415144,496,4,34.883,25416.22554320123
6113,,,,2662.0,8670.751822415144,8670.751822415144,497,4,34.842,24787.295003536106
6114,,,,2666.0,8672.751822415144,8672.751822415144,498,4,34.808,20537.943590660652
6115,,,,2673.0,8674.751822415144,8674.751822415144,499,4,34.791,10263.818885502436
6121,,,,2696.0,8686.751822415144,8686.751822415144,505,4,34.79,604.4328785540595
6122,,,,2698.0,8688.751822415144,8688.751822415144,506,4,34.757,19941.128558786455
6123,,,,2703.0,8690.751822415144,8690.751822415144,507,4,34.715,25358.08424548332
6124,,,,2708.0,8692.751822415144,8692.751822415144,508,4,34.672,25936.050740186383
6125,,,,2711.0,8694.751822415144,8694.751822415144,509,4,34.629,25909.864829942806
6126,,,,2714.0,8696.751822415144,8696.751822415144,510,4,34.582,28289.811847913425
6127,,,,2717.0,8698.751822415144,8698.751822415144,511,4,34.535,28257.88659636627
6128,,,,2718.0,8700.751822415144,8700.751822415144,512,4,34.485,30026.294539152954
6129,,,,2720.0,8702.751822415144,8702.751822415144,513,4,34.435,29989.682780040883
6130,,,,2722.0,8704.751822415144,8704.751822415144,514,4,34.382,31748.8500266492
6131,,,,2727.0,8706.751822415144,8706.751822415144,515,4,34.331,30511.61893665111
6132,,,,2732.0,8708.751822415144,8708.751822415144,516,4,34.283,28682.030282074338
6133,,,,2734.0,8710.751822415144,8710.751822415144,517,4,34.235,28648.478081676647
6134,,,,2735.0,8712.751822415144,8712.751822415144,518,4,34.185,29806.323984480518
6135,,,,2735.0,8714.751822415144,8714.751822415144,519,4,34.133,30959.469580195175
6136,,,,2733.0,8716.751822415144,8716.751822415144,520,4,34.083,29731.09711589611
6137,,,,2730.0,8718.751822415144,8718.751822415144,521,4,34.032,30287.766799575333
6138,,,,2726.0,8720.751822415144,8720.751822415144,522,4,33.981,30249.349178590914
6139,,,,2722.0,8722.751822415144,8722.751822415144,523,4,33.926,32578.47494026082
6140,,,,2719.0,8724.751822415144,8724.751822415144,524,4,33.873,31351.06078682258
6141,,,,2718.0,8726.751822415144,8726.751822415144,525,4,33.817,33079.9745281182
6142,,,,2715.0,8728.751822415144,8728.751822415144,526,4,33.764,31264.5821762622
6143,,,,2714.0,8730.751822415144,8730.751822415144,527,4,33.709,32399.950974259773
6144,,,,2714.0,8732.751822415144,8732.751822415144,528,4,33.653,32942.315182648264
6145,,,,2713.0,8734.751822415144,8734.751822415144,529,4,33.598,32308.14371450808
6146,,,,2709.0,8736.751822415144,8736.751822415144,530,4,33.544,31676.56150647347
6147,,,,2704.0,8738.751822415144,8738.751822415144,531,4,33.49,31632.848441840983
6148,,,,2698.0,8740.751822415144,8740.751822415144,532,4,33.433,33342.56805005612
6149,,,,2695.0,8742.751822415144,8742.751822415144,533,4,33.376,33293.386870714065
6150,,,,2694.0,8744.751822415144,8744.751822415144,534,4,33.321,32078.67917647909
6151,,,,2693.0,8746.751822415144,8746.751822415144,535,4,33.268,30869.18522644692
6152,,,,2687.0,8748.751822415144,8748.751822415144,536,4,33.215,30827.093172708595
6153,,,,2680.0,8750.751822415144,8750.751822415144,537,4,33.16,31945.71337170825
6154,,,,2672.0,8752.751822415144,8752.751822415144,538,4,33.102,33638.54079289849
6155,,,,2665.0,8754.751822415144,8754.751822415144,539,4,33.045,33008.732421442925
6156,,,,2660.0,8756.751822415144,8756.751822415144,540,4,32.986,34114.80769557043
6157,,,,2654.0,8758.751822415144,8758.751822415144,541,4,32.926,34638.41100713883
6158,,,,2649.0,8760.751822415144,8760.751822415144,542,4,32.87,32279.655906829692
6159,,,,2642.0,8762.751822415144,8762.751822415144,543,4,32.815,31656.974440043465
6160,,,,2634.0,8764.751822415144,8764.751822415144,544,4,32.758,32759.67106131717
6161,,,,2628.0,8766.751822415144,8766.751822415144,545,4,32.699,33856.8711683525
6162,,,,2624.0,8768.751822415144,8768.751822415144,546,4,32.64,33803.54704416077
6163,,,,2620.0,8770.751822415144,8770.751822415144,547,4,32.58,34321.70603147624
6164,,,,2617.0,8772.751822415144,8772.751822415144,548,4,32.521,33695.780067070424
6165,,,,2613.0,8774.751822415144,8774.751822415144,549,4,32.463,33072.6714008138
6166,,,,2608.0,8776.751822415144,8776.751822415144,550,4,32.404,33589.97206741016
6167,,,,2604.0,8778.751822415144,8778.751822415144,551,4,32.345,33536.50870322655
6168,,,,2600.0,8780.751822415144,8780.751822415144,552,4,32.286,33483.01749103486
6169,,,,2596.0,8782.751822415144,8782.751822415144,553,4,32.229,32297.296327918666
6170,,,,2590.0,8784.751822415144,8784.751822415144,554,4,32.17,33378.02472408964
6171,,,,2586.0,8786.751822415144,8786.751822415144,555,4,32.11,33888.744428692014
6172,,,,2583.0,8788.751822415144,8788.751822415144,556,4,32.049,34396.5292186343
6173,,,,2579.0,8790.751822415144,8790.751822415144,557,4,31.992,32089.20663517865
6174,,,,2574.0,8792.751822415144,8792.751822415144,558,4,31.935,32039.372007838592
6175,,,,2567.0,8794.751822415144,8794.751822415144,559,4,31.876,33110.91260386643
6176,,,,2559.0,8796.751822415144,8796.751822415144,560,4,31.812,35855.84192422248
6177,,,,2551.0,8798.751822415144,8798.751822415144,561,4,31.748,35791.91461329325
6178,,,,2545.0,8800.751822415144,8800.751822415144,562,4,31.683,36285.631775095695
6179,,,,2542.0,8802.751822415144,8802.751822415144,563,4,31.616,37332.76096967286
6180,,,,2539.0,8804.751822415144,8804.751822415144,564,4,31.55,36706.62293856797
6181,,,,2535.0,8806.751822415144,8806.751822415144,565,4,31.482,37747.28829919283
6182,,,,2535.0,8808.751822415144,8808.751822415144,566,4,31.416,36567.48956033309
6183,,,,2533.0,8810.751822415144,8810.751822415144,567,4,31.35,36499.03282645621
6184,,,,2530.0,8812.751822415144,8812.751822415144,568,4,31.284,36430.54124458129
6185,,,,2529.0,8814.751822415144,8814.751822415144,569,4,31.219,35811.64815516564
6186,,,,2527.0,8816.751822415144,8816.751822415144,570,4,31.155,35195.909002964654
6187,,,,2523.0,8818.751822415144,8818.751822415144,571,4,31.089,36228.34963667232
6188,,,,2519.0,8820.751822415144,8820.751822415144,572,4,31.023,36159.719454793485
6189,,,,2517.0,8822.751822415144,8822.751822415144,573,4,30.956,36637.29745849846
6190,,,,2517.0,8824.751822415144,8824.751822415144,574,4,30.89,36021.18967979917
6191,,,,2513.0,8826.751822415144,8826.751822415144,575,4,30.827,34319.92046011108
6192,,,,2507.0,8828.751822415144,8828.751822415144,576,4,30.764,34257.614170146684
6193,,,,2504.0,8830.751822415144,8830.751822415144,577,4,30.702,33653.041474026
6194,,,,2500.0,8832.751822415144,8832.751822415144,578,4,30.641,33051.47719758904
6195,,,,2493.0,8834.751822415144,8834.751822415144,579,4,30.58,32993.2128205247
6196,,,,2484.0,8836.751822415144,8836.751822415144,580,4,30.517,34013.63864392755
6197,,,,2477.0,8838.751822415144,8838.751822415144,581,4,30.453,34489.51671120972
6198,,,,2473.0,8840.751822415144,8840.751822415144,582,4,30.391,33350.215640748305
6199,,,,2471.0,8842.751822415144,8842.751822415144,583,4,30.329,33289.77722073567
6200,,,,2468.0,8844.751822415144,8844.751822415144,584,4,30.27,31623.003825506148
6201,,,,2462.0,8846.751822415144,8846.751822415144,585,4,30.21,32103.093013179394
6202,,,,2456.0,8848.751822415144,8848.751822415144,586,4,30.151,31513.051016415793
6203,,,,2451.0,8850.751822415144,8850.751822415144,587,4,30.091,31991.219477155308
6204,,,,2444.0,8852.751822415144,8852.751822415144,588,4,30.03,32466.413831240647
6205,,,,2438.0,8854.751822415144,8854.751822415144,589,4,29.969,32407.85153017823
6206,,,,2436.0,8856.751822415144,8856.751822415144,590,4,29.906,33408.77496812899
6207,,,,2433.0,8858.751822415144,8858.751822415144,591,4,29.845,32288.476088608735
6208,,,,2430.0,8860.751822415144,8860.751822415144,592,4,29.784,32229.82399554632
6209,,,,2426.0,8862.751822415144,8862.751822415144,593,4,29.722,32697.988416566146
6210,,,,2420.0,8864.751822415144,8864.751822415144,594,4,29.659,33163.06316191178
6211,,,,2417.0,8866.751822415144,8866.751822415144,595,4,29.598,32050.443877192076
6212,,,,2416.0,8868.751822415144,8868.751822415144,596,4,29.541,29895.879499470397
6213,,,,2417.0,8870.751822415144,8870.751822415144,597,4,29.488,27752.47529424364
6214,,,,2412.0,8872.751822415144,8872.751822415144,598,4,29.433,28753.527557068603
6215,,,,2407.0,8874.751822415144,8874.751822415144,599,4,29.38,27663.39128338063
6216,,,,2403.0,8876.751822415144,8876.751822415144,600,4,29.327,27619.755869640452
6217,,,,2395.0,8878.751822415144,8878.751822415144,601,4,29.273,28095.92226685155
6218,,,,2389.0,8880.751822415144,8880.751822415144,602,4,29.219,28050.458522221375
6219,,,,2388.0,8882.751822415144,8882.751822415144,603,4,29.166,27486.831653040965
6220,,,,2386.0,8884.751822415144,8884.751822415144,604,4,29.113,27443.105927302633
6221,,,,2384.0,8886.751822415144,8886.751822415144,605,4,29.064,25333.22347785938
6222,,,,2377.0,8888.751822415144,8888.751822415144,606,4,29.015,25296.241037608146
6223,,,,2369.0,8890.751822415144,8890.751822415144,607,4,28.963,26804.33647631903
6224,,,,2364.0,8892.751822415144,8892.751822415144,608,4,28.909,27790.63200720875
6225,,,,2361.0,8894.751822415144,8894.751822415144,609,4,28.853,28771.604666913896
6226,,,,2355.0,8896.751822415144,8896.751822415144,610,4,28.802,26160.053542389596
6227,,,,2349.0,8898.751822415144,8898.751822415144,611,4,28.751,26119.64304540757
6228,,,,2345.0,8900.751822415144,8900.751822415144,612,4,28.7,26079.211740429186
6229,,,,2343.0,8902.751822415144,8902.751822415144,613,4,28.651,25018.504268598954
6230,,,,2337.0,8904.751822415144,8904.751822415144,614,4,28.602,24981.364048347717
6231,,,,2330.0,8906.751822415144,8906.751822415144,615,4,28.552,25452.82468291612
6232,,,,2325.0,8908.751822415144,8908.751822415144,616,4,28.501,25921.82190393599
6233,,,,2319.0,8910.751822415144,8910.751822415144,617,4,28.448,26895.29549334058
6234,,,,2314.0,8912.751822415144,8912.751822415144,618,4,28.398,25332.714504850926
6235,,,,2308.0,8914.751822415144,8914.751822415144,619,4,28.347,25799.247200309495
6236,,,,2303.0,8916.751822415144,8916.751822415144,620,4,28.293,27272.420453967097
6237,,,,2299.0,8918.751822415144,8918.751822415144,621,4,28.237,28233.914269183646
6238,,,,2297.0,8920.751822415144,8920.751822415144,622,4,28.184,26675.840144340324
6239,,,,2294.0,8922.751822415144,8922.751822415144,623,4,28.132,26129.671964818626
6240,,,,2291.0,8924.751822415144,8924.751822415144,624,4,28.082,25084.799947262603
6241,,,,2289.0,8926.751822415144,8926.751822415144,625,4,28.031,25546.2480755712
6242,,,,2287.0,8928.751822415144,8928.751822415144,626,4,27.98,25505.52423458922
6243,,,,2287.0,8930.751822415144,8930.751822415144,627,4,27.928,25963.624590154268
6244,,,,2290.0,8932.751822415144,8932.751822415144,628,4,27.88,23928.912657857436
6245,,,,2291.0,8934.751822415144,8934.751822415144,629,4,27.831,24390.43398014968
6246,,,,2292.0,8936.751822415144,8936.751822415144,630,4,27.783,23856.40876088534
6247,,,,2292.0,8938.751822415144,8938.751822415144,631,4,27.732,25307.975178491175
6248,,,,2292.0,8940.751822415144,8940.751822415144,632,4,27.677,27246.8964750509
6249,,,,2292.0,8942.751822415144,8942.751822415144,633,4,27.62,28186.918808872455
6250,,,,2292.0,8944.751822415144,8944.751822415144,634,4,27.563,28135.099669532156
6251,,,,2294.0,8946.751822415144,8946.751822415144,635,4,27.508,27098.861328672203
6252,,,,2294.0,8948.751822415144,8948.751822415144,636,4,27.455,26068.063060016793
6253,,,,2294.0,8950.751822415144,8950.751822415144,637,4,27.4,27004.64201702191
6254,,,,2294.0,8952.751822415144,8952.751822415144,638,4,27.346,26466.876968575994
6255,,,,2292.0,8954.751822415144,8954.751822415144,639,4,27.291,26909.342642671156
6256,,,,2289.0,8956.751822415144,8956.751822415144,640,4,27.236,26861.164364145545
6257,,,,2285.0,8958.751822415144,8958.751822415144,641,4,27.18,27299.968593438836
6258,,,,2281.0,8960.751822415144,8960.751822415144,642,4,27.126,26277.619777275417
6259,,,,2273.0,8962.751822415144,8962.751822415144,643,4,27.069,27686.971095901008
6260,,,,2267.0,8964.751822415144,8964.751822415144,644,4,27.01,28603.484014457714
6261,,,,2268.0,8966.751822415144,8966.751822415144,645,4,26.951,28547.438810271782
6262,,,,2266.0,8968.751822415144,8968.751822415144,646,4,26.894,27526.57918704382
6263,,,,2263.0,8970.751822415144,8970.751822415144,647,4,26.838,26992.92046763133
6264,,,,2261.0,8972.751822415144,8972.751822415144,648,4,26.781,27423.268858067466
6265,,,,2261.0,8974.751822415144,8974.751822415144,649,4,26.723,27850.73704737691
6266,,,,2265.0,8976.751822415144,8976.751822415144,650,4,26.668,26360.276610281046
6267,,,,2270.0,8978.751822415144,8978.751822415144,651,4,26.615,25355.98616774894
6268,,,,2270.0,8980.751822415144,8980.751822415144,652,4,26.56,26265.331298630754
6269,,,,2271.0,8982.751822415144,8982.751822415144,653,4,26.504,26693.00159145844
6270,,,,2274.0,8984.751822415144,8984.751822415144,654,4,26.449,26167.32597887907
6271,,,,2277.0,8986.751822415144,8986.751822415144,655,4,26.397,24695.522113983738
6272,,,,2277.0,8988.751822415144,8988.751822415144,656,4,26.346,24178.78060585097
6273,,,,2277.0,8990.751822415144,8990.751822415144,657,4,26.293,25083.00181454626
6274,,,,2274.0,8992.751822415144,8992.751822415144,658,4,26.24,25038.06026880793
6275,,,,2272.0,8994.751822415144,8994.751822415144,659,4,26.187,24993.096251067927
6276,,,,2269.0,8996.751822415144,8996.751822415144,660,4,26.133,25418.34298883402
6277,,,,2265.0,8998.751822415144,8998.751822415144,661,4,26.082,23963.361146776984
6278,,,,2261.0,9000.751822415144,9000.751822415144,662,4,26.027,25796.10971928256
6279,,,,2258.0,9002.751822415144,9002.751822415144,663,4,25.972,25747.37506075695
6280,,,,2255.0,9004.751822415144,9004.751822415144,664,4,25.915,26632.08479515132
6281,,,,2253.0,9006.751822415144,9006.751822415144,665,4,25.858,26579.47403980761
6282,,,,2248.0,9008.751822415144,9008.751822415144,666,4,25.8,26991.69789525457
6283,,,,2241.0,9010.751822415144,9010.751822415144,667,4,25.742,26937.06588499336
6284,,,,2236.0,9012.751822415144,9012.751822415144,668,4,25.681,28271.226954807265
6285,,,,2232.0,9014.751822415144,9014.751822415144,669,4,25.622,27286.54495197697
6286,,,,2229.0,9016.751822415144,9016.751822415144,670,4,25.562,27690.805516709217
6287,,,,2228.0,9018.751822415144,9018.751822415144,671,4,25.502,27632.012583589465
6288,,,,2227.0,9020.751822415144,9020.751822415144,672,4,25.443,27114.16989398228
6289,,,,2221.0,9022.751822415144,9022.751822415144,673,4,25.386,26141.194785748736
6290,,,,2215.0,9024.751822415144,9024.751822415144,674,4,25.327,27002.66211103707
6291,,,,2208.0,9026.751822415144,9026.751822415144,675,4,25.269,26489.617042002712
6292,,,,2207.0,9028.751822415144,9028.751822415144,676,4,25.212,25979.48398259768
6293,,,,2205.0,9030.751822415144,9030.751822415144,677,4,25.159,24109.064002484658
6294,,,,2200.0,9032.751822415144,9032.751822415144,678,4,25.104,24970.726266752754
6295,,,,2194.0,9034.751822415144,9034.751822415144,679,4,25.051,24016.312815621644
6296,,,,2189.0,9036.751822415144,9036.751822415144,680,4,24.998,23970.86077388171
6297,,,,2184.0,9038.751822415144,9038.751822415144,681,4,24.947,23023.463448297618
6298,,,,2177.0,9040.751822415144,9040.751822415144,682,4,24.895,23431.675921306232
6299,,,,2169.0,9042.751822415144,9042.751822415144,683,4,24.839,25185.00427161613
6300,,,,2161.0,9044.751822415144,9044.751822415144,684,4,24.785,24237.185279517897
6301,,,,2155.0,9046.751822415144,9046.751822415144,685,4,24.729,25084.688705163975
6302,,,,2148.0,9048.751822415144,9048.751822415144,686,4,24.675,24140.40489186761
6303,,,,2141.0,9050.751822415144,9050.751822415144,687,4,24.619,24984.27457871182
6304,,,,2134.0,9052.751822415144,9052.751822415144,688,4,24.564,24488.282108501295
6305,,,,2130.0,9054.751822415144,9054.751822415144,689,4,24.508,24882.74776005555
6306,,,,2123.0,9056.751822415144,9056.751822415144,690,4,24.454,23945.58086737021
6307,,,,2113.0,9058.751822415144,9058.751822415144,691,4,24.399,24340.096152924463
6308,,,,2102.0,9060.751822415144,9060.751822415144,692,4,24.343,24731.793258377318
6309,,,,2094.0,9062.751822415144,9062.751822415144,693,4,24.284,26000.971539246755
6310,,,,2087.0,9064.751822415144,9064.751822415144,694,4,24.227,25065.19001245871
6311,,,,2077.0,9066.751822415144,9066.751822415144,695,4,24.172,24135.194679918757
6312,,,,2068.0,9068.751822415144,9068.751822415144,696,4,24.115,24960.46069719167
6313,,,,2061.0,9070.751822415144,9070.751822415144,697,4,24.06,24034.0907974666
6314,,,,2053.0,9072.751822415144,9072.751822415144,698,4,24.004,24420.073641182305
6315,,,,2046.0,9074.751822415144,9074.751822415144,699,4,23.949,23933.886577714915
6316,,,,2041.0,9076.751822415144,9076.751822415144,700,4,23.893,24317.997798527587
6317,,,,2035.0,9078.751822415144,9078.751822415144,701,4,23.836,24699.225506727926
6318,,,,2026.0,9080.751822415144,9080.751822415144,702,4,23.78,24213.788411461563
6319,,,,2019.0,9082.751822415144,9082.751822415144,703,4,23.725,23731.18689281061
6320,,,,2012.0,9084.751822415144,9084.751822415144,704,4,23.668,24541.557657825026
6321,,,,2004.0,9086.751822415144,9086.751822415144,705,4,23.614,23200.549182040726
6322,,,,1995.0,9088.751822415144,9088.751822415144,706,4,23.557,24437.35419626418
6323,,,,1988.0,9090.751822415144,9090.751822415144,707,4,23.499,24810.916229822815
6324,,,,1982.0,9092.751822415144,9092.751822415144,708,4,23.441,24755.198691561603
6325,,,,1977.0,9094.751822415144,9094.751822415144,709,4,23.387,22998.008070362404
6326,,,,1969.0,9096.751822415144,9096.751822415144,710,4,23.333,22950.013237735588
6327,,,,1959.0,9098.751822415144,9098.751822415144,711,4,23.276,24172.772250383416
6328,,,,1949.0,9100.751822415144,9100.751822415144,712,4,23.217,24964.154014293737
6329,,,,1941.0,9102.751822415144,9102.751822415144,713,4,23.16,24063.0243122838
6330,,,,1935.0,9104.751822415144,9104.751822415144,714,4,23.102,24429.833670896955
6331,,,,1928.0,9106.751822415144,9106.751822415144,715,4,23.045,23954.20875189194
6332,,,,1923.0,9108.751822415144,9108.751822415144,716,4,22.99,23062.676457969836
6333,,,,1919.0,9110.751822415144,9110.751822415144,717,4,22.935,23012.620259442734
6334,,,,1912.0,9112.751822415144,9112.751822415144,718,4,22.88,22962.53986091712
6335,,,,1906.0,9114.751822415144,9114.751822415144,719,4,22.825,22912.43526239151
6336,,,,1903.0,9116.751822415144,9116.751822415144,720,4,22.772,22031.9162408735
6337,,,,1896.0,9118.751822415144,9118.751822415144,721,4,22.719,21985.520375133696
6338,,,,1889.0,9120.751822415144,9120.751822415144,722,4,22.665,22352.55483825925
6339,,,,1883.0,9122.751822415144,9122.751822415144,723,4,22.609,23129.314096448223
6340,,,,1877.0,9124.751822415144,9124.751822415144,724,4,22.554,22665.56416056678
6341,,,,1870.0,9126.751822415144,9126.751822415144,725,4,22.499,22615.315242039705
6342,,,,1862.0,9128.751822415144,9128.751822415144,726,4,22.444,22565.042123514093
6343,,,,1855.0,9130.751822415144,9130.751822415144,727,4,22.389,22514.74480498848
6344,,,,1852.0,9132.751822415144,9132.751822415144,728,4,22.333,22872.35591211519
6345,,,,1848.0,9134.751822415144,9134.751822415144,729,4,22.28,21599.02020182945
6346,,,,1844.0,9136.751822415144,9136.751822415144,730,4,22.231,19927.612058008297
6347,,,,1839.0,9138.751822415144,9138.751822415144,731,4,22.182,19888.0898497585
6348,,,,1834.0,9140.751822415144,9140.751822415144,732,4,22.134,19443.914772582477
6349,,,,1829.0,9142.751822415144,9142.751822415144,733,4,22.086,19406.039308186224
6350,,,,1822.0,9144.751822415144,9144.751822415144,734,4,22.038,19368.1454117871
6351,,,,1817.0,9146.751822415144,9146.751822415144,735,4,21.99,19330.23308339084
6352,,,,1813.0,9148.751822415144,9148.751822415144,736,4,21.944,18489.298078035146
6353,,,,1807.0,9150.751822415144,9150.751822415144,737,4,21.896,19256.110074943943
6354,,,,1802.0,9152.751822415144,9152.751822415144,738,4,21.844,20817.750965046638
6355,,,,1800.0,9154.751822415144,9154.751822415144,739,4,21.793,20373.781169011985
6356,,,,1797.0,9156.751822415144,9156.751822415144,740,4,21.743,19932.41736703357
6357,,,,1794.0,9158.751822415144,9158.751822415144,741,4,21.693,19890.97720792008
6358,,,,1789.0,9160.751822415144,9160.751822415144,742,4,21.643,19849.51704880942
6359,,,,1784.0,9162.751822415144,9162.751822415144,743,4,21.591,20599.405439095255
6360,,,,1782.0,9164.751822415144,9164.751822415144,744,4,21.542,19369.85877745519
6361,,,,1777.0,9166.751822415144,9166.751822415144,745,4,21.494,18936.01590861471
6362,,,,1771.0,9168.751822415144,9168.751822415144,746,4,21.445,19291.15469063131
6363,,,,1767.0,9170.751822415144,9170.751822415144,747,4,21.395,19643.750403613518
6364,,,,1760.0,9172.751822415144,9172.751822415144,748,4,21.343,20385.303504091524
6365,,,,1756.0,9174.751822415144,9174.751822415144,749,4,21.293,19558.735935024884
6366,,,,1752.0,9176.751822415144,9176.751822415144,750,4,21.242,19906.990077087205
6367,,,,1746.0,9178.751822415144,9178.751822415144,751,4,21.19,20252.585461093255
6368,,,,1738.0,9180.751822415144,9180.751822415144,752,4,21.138,20207.348883237635
6369,,,,1731.0,9182.751822415144,9182.751822415144,753,4,21.084,20936.563962085456
6370,,,,1726.0,9184.751822415144,9184.751822415144,754,4,21.031,20501.23861905405
6371,,,,1723.0,9186.751822415144,9186.751822415144,755,4,20.98,19683.17617138499
6372,,,,1718.0,9188.751822415144,9188.751822415144,756,4,20.93,19255.029443871208
6373,,,,1712.0,9190.751822415144,9190.751822415144,757,4,20.882,18445.61832954279
6374,,,,1705.0,9192.751822415144,9192.751822415144,758,4,20.832,19173.32247601154
6375,,,,1703.0,9194.751822415144,9194.751822415144,759,4,20.783,18749.340257400312
6376,,,,1701.0,9196.751822415144,9196.751822415144,760,4,20.737,17565.060240668252
6377,,,,1694.0,9198.751822415144,9198.751822415144,761,4,20.693,16768.588672115846
6378,,,,1685.0,9200.751822415144,9200.751822415144,762,4,20.647,17496.51769557865
6379,,,,1675.0,9202.751822415144,9202.751822415144,763,4,20.601,17461.374929864836
6380,,,,1671.0,9204.751822415144,9204.751822415144,764,4,20.557,16669.363722306534
6381,,,,1668.0,9206.751822415144,9206.751822415144,765,4,20.514,16259.611676231452
6382,,,,1662.0,9208.751822415144,9208.751822415144,766,4,20.466,18113.98318476283
6383,,,,1658.0,9210.751822415144,9210.751822415144,767,4,20.416,18827.697800199065
6384,,,,1656.0,9212.751822415144,9212.751822415144,768,4,20.364,19536.19300454051
6385,,,,1653.0,9214.751822415144,9214.751822415144,769,4,20.312,19490.60074668489
6386,,,,1651.0,9216.751822415144,9216.751822415144,770,4,20.257,20565.292257595695
6387,,,,1649.0,9218.751822415144,9218.751822415144,771,4,20.202,20513.981399070082
6388,,,,1647.0,9220.751822415144,9220.751822415144,772,4,20.149,19719.527509672804
6389,,,,1645.0,9222.751822415144,9222.751822415144,773,4,20.096,19671.991295934473
6390,,,,1646.0,9224.751822415144,9224.751822415144,774,4,20.048,17775.284983634283
6391,,,,1645.0,9226.751822415144,9226.751822415144,775,4,20.001,17367.5426355864
6392,,,,1644.0,9228.751822415144,9228.751822415144,776,4,19.957,16225.54847408301
6393,,,,1645.0,9230.751822415144,9230.751822415144,777,4,19.915,15458.038539860725
6394,,,,1646.0,9232.751822415144,9232.751822415144,778,4,19.872,15795.770360612276
6395,,,,1648.0,9234.751822415144,9234.751822415144,779,4,19.831,15032.541415819423
6396,,,,1653.0,9236.751822415144,9236.751822415144,780,4,19.791,14639.143228309002
6397,,,,1657.0,9238.751822415144,9238.751822415144,781,4,19.753,13882.813678492304
6398,,,,1662.0,9240.751822415144,9240.751822415144,782,4,19.713,14587.820456937134
6399,,,,1668.0,9242.751822415144,9242.751822415144,783,4,19.672,14925.057001558775
6400,,,,1676.0,9244.751822415144,9244.751822415144,784,4,19.629,15623.10362902745
6401,,,,1683.0,9246.751822415144,9246.751822415144,785,4,19.583,16678.847093186025
6402,,,,1692.0,9248.751822415144,9248.751822415144,786,4,19.533,18088.70881427851
6403,,,,1698.0,9250.751822415144,9250.751822415144,787,4,19.49,15522.659799743582
6404,,,,1703.0,9252.751822415144,9252.751822415144,788,4,19.464,9371.224056749275
6405,,,,1714.0,9254.751822415144,9254.751822415144,789,4,19.459,1801.113525918965
6411,,,,1742.0,9266.751822415144,9266.751822415144,795,4,19.433,9370.465308811543
6412,,,,1746.0,9268.751822415144,9268.751822415144,796,4,19.388,16191.99965240836
6413,,,,1754.0,9270.751822415144,9270.751822415144,797,4,19.344,15799.289421774643
6414,,,,1758.0,9272.751822415144,9272.751822415144,798,4,19.309,12544.688666713491
6415,,,,1765.0,9274.751822415144,9274.751822415144,799,4,19.286,8233.058071480476
6416,,,,1770.0,9276.751822415144,9276.751822415144,800,4,19.277,3219.6544247502793
6421,,,,1795.0,9286.751822415144,9286.751822415144,805,4,19.243,12162.67312678155
6422,,,,1800.0,9288.751822415144,9288.751822415144,806,4,19.196,16781.365571184284
6423,,,,1812.0,9290.751822415144,9290.751822415144,807,4,19.164,11404.583677051049
6424,,,,1819.0,9292.751822415144,9292.751822415144,808,4,19.155,3204.800613748255
6429,,,,1846.0,9302.751822415144,9302.751822415144,813,4,19.146,3206.742277953024
6430,,,,1854.0,9304.751822415144,9304.751822415144,814,4,19.108,13525.87109615751
6431,,,,1858.0,9306.751822415144,9306.751822415144,815,4,19.065,15276.46540463303
6432,,,,1862.0,9308.751822415144,9308.751822415144,816,4,19.039,9222.217665473903
6433,,,,1870.0,9310.751822415144,9310.751822415144,817,4,19.032,2481.287428418683
6439,,,,1898.0,9322.751822415144,9322.751822415144,823,4,19.005,9574.456798868894
6440,,,,1904.0,9324.751822415144,9324.751822415144,824,4,18.963,14869.771442124551
6441,,,,1907.0,9326.751822415144,9326.751822415144,825,4,18.918,15898.800860321466
6442,,,,1906.0,9328.751822415144,9328.751822415144,826,4,18.881,13046.84713501205
6443,,,,1911.0,9330.751822415144,9330.751822415144,827,4,18.864,5987.2168681298235
6448,,,,1934.0,9340.751822415144,9340.751822415144,832,4,18.85,4931.879599227676
6449,,,,1941.0,9342.751822415144,9342.751822415144,833,4,18.821,10206.573313163797
6450,,,,1944.0,9344.751822415144,9344.751822415144,834,4,18.784,13002.147514432005
6451,,,,1947.0,9346.751822415144,9346.751822415144,835,4,18.741,15081.685071853257
6452,,,,1950.0,9348.751822415144,9348.751822415144,836,4,18.692,17147.63952145466
6453,,,,1951.0,9350.751822415144,9350.751822415144,837,4,18.642,17455.0484269026
6454,,,,1952.0,9352.751822415144,9352.751822415144,838,4,18.588,18802.959318819332
6455,,,,1956.0,9354.751822415144,9354.751822415144,839,4,18.535,18405.65195088671
6456,,,,1962.0,9356.751822415144,9356.751822415144,840,4,18.483,18011.14842603238
6457,,,,1966.0,9358.751822415144,9358.751822415144,841,4,18.433,17274.384113814118
6458,,,,1968.0,9360.751822415144,9360.751822415144,842,4,18.385,16542.91970868808
6459,,,,1968.0,9362.751822415144,9362.751822415144,843,4,18.334,17533.33509253101
6460,,,,1963.0,9364.751822415144,9364.751822415144,844,4,18.282,17830.787141936617
6461,,,,1958.0,9366.751822415144,9366.751822415144,845,4,18.227,18808.3908256504
6462,,,,1955.0,9368.751822415144,9368.751822415144,846,4,18.171,19096.21441460724
6463,,,,1952.0,9370.751822415144,9370.751822415144,847,4,18.116,18702.005925898713
6464,,,,1951.0,9372.751822415144,9372.751822415144,848,4,18.061,18649.292347373103
6465,,,,1952.0,9374.751822415144,9374.751822415144,849,4,18.006,18596.55456884749
6466,,,,1955.0,9376.751822415144,9376.751822415144,850,4,17.95,18880.427357498815
6467,,,,1957.0,9378.751822415144,9378.751822415144,851,4,17.896,18154.29984261933
6468,,,,1954.0,9380.751822415144,9380.751822415144,852,4,17.841,18438.19603327066
6469,,,,1946.0,9382.751822415144,9382.751822415144,853,4,17.787,18051.58882416705
6470,,,,1939.0,9384.751822415144,9384.751822415144,854,4,17.732,18333.5349989199
6471,,,,1935.0,9386.751822415144,9386.751822415144,855,4,17.678,17948.783629712394
6472,,,,1931.0,9388.751822415144,9388.751822415144,856,4,17.626,17235.945705604172
6473,,,,1926.0,9390.751822415144,9390.751822415144,857,4,17.574,17188.83213574855
6474,,,,1921.0,9392.751822415144,9392.751822415144,858,4,17.521,17470.847136006225
6475,,,,1916.0,9394.751822415144,9394.751822415144,859,4,17.466,18078.180010596036
6476,,,,1912.0,9396.751822415144,9396.751822415144,860,4,17.413,17370.713261143217
6477,,,,1906.0,9398.751822415144,9398.751822415144,861,4,17.361,16995.27418537841
6478,,,,1898.0,9400.751822415144,9400.751822415144,862,4,17.306,17924.27248852153
6479,,,,1893.0,9402.751822415144,9402.751822415144,863,4,17.252,17546.776063867885
6480,,,,1888.0,9404.751822415144,9404.751822415144,864,4,17.198,17495.659815238403
6481,,,,1884.0,9406.751822415144,9406.751822415144,865,4,17.145,17121.97212537204
6482,,,,1880.0,9408.751822415144,9408.751822415144,866,4,17.096,15786.088486414366
6483,,,,1872.0,9410.751822415144,9410.751822415144,867,4,17.046,16065.094436045121
6484,,,,1863.0,9412.751822415144,9412.751822415144,868,4,16.992,17301.12731269332
6485,,,,1858.0,9414.751822415144,9414.751822415144,869,4,16.938,17249.89658406613
6486,,,,1855.0,9416.751822415144,9416.751822415144,870,4,16.888,15926.55235724983
6487,,,,1849.0,9418.751822415144,9418.751822415144,871,4,16.842,14613.94695262382
6488,,,,1842.0,9420.751822415144,9420.751822415144,872,4,16.795,14893.633965376239
6489,,,,1832.0,9422.751822415144,9422.751822415144,873,4,16.746,15486.377424906654
6490,,,,1826.0,9424.751822415144,9424.751822415144,874,4,16.695,16073.829410362116
6491,,,,1823.0,9426.751822415144,9426.751822415144,875,4,16.646,15400.569293045863
6492,,,,1818.0,9428.751822415144,9428.751822415144,876,4,16.598,15045.572428050285
6493,,,,1812.0,9430.751822415144,9430.751822415144,877,4,16.55,15005.306947651485
6494,,,,1806.0,9432.751822415144,9432.751822415144,878,4,16.503,14653.695061355711
6495,,,,1795.0,9434.751822415144,9434.751822415144,879,4,16.456,14615.11930980428
6496,,,,1785.0,9436.751822415144,9436.751822415144,880,4,16.405,15815.156183455085
6497,,,,1776.0,9438.751822415144,9438.751822415144,881,4,16.357,14843.154585886881
6498,,,,1766.0,9440.751822415144,9440.751822415144,882,4,16.307,15418.635876368631
6499,,,,1757.0,9442.751822415144,9442.751822415144,883,4,16.258,15067.65744175035
6500,,,,1749.0,9444.751822415144,9444.751822415144,884,4,16.206,15943.95000446991
6501,,,,1742.0,9446.751822415144,9446.751822415144,885,4,16.156,15285.789123850162
6502,,,,1733.0,9448.751822415144,9448.751822415144,886,4,16.107,14937.408922282253
6503,,,,1721.0,9450.751822415144,9450.751822415144,887,4,16.057,15198.69908080825
6504,,,,1709.0,9452.751822415144,9452.751822415144,888,4,16.004,16062.427837457126
6505,,,,1702.0,9454.751822415144,9454.751822415144,889,4,15.95,16314.32554560711
6506,,,,1698.0,9456.751822415144,9456.751822415144,890,4,15.9,15059.877277195796
6507,,,,1694.0,9458.751822415144,9458.751822415144,891,4,15.851,14715.916626561506
6508,,,,1690.0,9460.751822415144,9460.751822415144,892,4,15.804,14075.564650112095
6509,,,,1687.0,9462.751822415144,9462.751822415144,893,4,15.756,14334.933480740267
6510,,,,1683.0,9464.751822415144,9464.751822415144,894,4,15.709,13996.995556337926
6511,,,,1678.0,9466.751822415144,9466.751822415144,895,4,15.66,14551.164357949541
6512,,,,1674.0,9468.751822415144,9468.751822415144,896,4,15.61,14804.393474346289
6513,,,,1672.0,9470.751822415144,9470.751822415144,897,4,15.562,14170.669238799606
6514,,,,1670.0,9472.751822415144,9472.751822415144,898,4,15.517,13248.16442499779
6515,,,,1666.0,9474.751822415144,9474.751822415144,899,4,15.471,13505.766035757839
6516,,,,1660.0,9476.751822415144,9476.751822415144,900,4,15.426,13176.144047572212
6517,,,,1654.0,9478.751822415144,9478.751822415144,901,4,15.379,13723.668644806605
6518,,,,1648.0,9480.751822415144,9480.751822415144,902,4,15.331,13975.386646385728
6519,,,,1641.0,9482.751822415144,9482.751822415144,903,4,15.283,13934.63828598804
6520,,,,1637.0,9484.751822415144,9484.751822415144,904,4,15.233,14471.834330640719
6521,,,,1635.0,9486.751822415144,9486.751822415144,905,4,15.185,13851.264812842759
6522,,,,1633.0,9488.751822415144,9488.751822415144,906,4,15.14,12948.587955663246
6523,,,,1627.0,9490.751822415144,9490.751822415144,907,4,15.095,12912.879660782466
6524,,,,1622.0,9492.751822415144,9492.751822415144,908,4,15.048,13448.580854603977
6525,,,,1618.0,9494.751822415144,9494.751822415144,909,4,15.002,13124.595444124276
6526,,,,1613.0,9496.751822415144,9496.751822415144,910,4,14.957,12803.093453148069
6527,,,,1607.0,9498.751822415144,9498.751822415144,911,4,14.91,13333.863371963607
6528,,,,1601.0,9500.751822415144,9500.751822415144,912,4,14.865,12729.819848058472
6529,,,,1598.0,9502.751822415144,9502.751822415144,913,4,14.818,13257.298570203358
6530,,,,1595.0,9504.751822415144,9504.751822415144,914,4,14.775,12094.787189271241
6531,,,,1592.0,9506.751822415144,9506.751822415144,915,4,14.731,12342.273647976112
6532,,,,1588.0,9508.751822415144,9508.751822415144,916,4,14.687,12308.052288919718
6533,,,,1583.0,9510.751822415144,9510.751822415144,917,4,14.641,12830.841154598227
6534,,,,1580.0,9512.751822415144,9512.751822415144,918,4,14.595,12793.281364885768
6535,,,,1576.0,9514.751822415144,9514.751822415144,919,4,14.549,12755.7046471738
6536,,,,1572.0,9516.751822415144,9516.751822415144,920,4,14.502,12994.144388069844
6537,,,,1569.0,9518.751822415144,9518.751822415144,921,4,14.454,13229.998932952953
6538,,,,1567.0,9520.751822415144,9520.751822415144,922,4,14.406,13188.907084555263
6539,,,,1565.0,9522.751822415144,9522.751822415144,923,4,14.361,12327.345075393721
6540,,,,1561.0,9524.751822415144,9524.751822415144,924,4,14.315,12564.062029940842
6541,,,,1555.0,9526.751822415144,9526.751822415144,925,4,14.269,12526.383008227896
6542,,,,1550.0,9528.751822415144,9528.751822415144,926,4,14.22,13301.76592277033
6543,,,,1544.0,9530.751822415144,9530.751822415144,927,4,14.173,12718.511915210322
6544,,,,1539.0,9532.751822415144,9532.751822415144,928,4,14.125,12948.374931393791
6545,,,,1534.0,9534.751822415144,9534.751822415144,929,4,14.075,13444.000069605545
6546,,,,1530.0,9536.751822415144,9536.751822415144,930,4,14.024,13666.632662360242
6547,,,,1528.0,9538.751822415144,9538.751822415144,931,4,13.974,13353.298676198676
6548,,,,1526.0,9540.751822415144,9540.751822415144,932,4,13.926,12776.974840578374
6549,,,,1523.0,9542.751822415144,9542.751822415144,933,4,13.879,12470.802077846054
6550,,,,1519.0,9544.751822415144,9544.751822415144,934,4,13.832,12431.247034294154
6551,,,,1514.0,9546.751822415144,9546.751822415144,935,4,13.781,13444.33736168986
6552,,,,1511.0,9548.751822415144,9548.751822415144,936,4,13.732,12873.025635615619
6553,,,,1509.0,9550.751822415144,9550.751822415144,937,4,13.682,13091.21552298416
6554,,,,1504.0,9552.751822415144,9552.751822415144,938,4,13.631,13306.629836806907
6555,,,,1500.0,9554.751822415144,9554.751822415144,939,4,13.581,13000.19532957823
6556,,,,1496.0,9556.751822415144,9556.751822415144,940,4,13.531,12955.132770465694
6557,,,,1494.0,9558.751822415144,9558.751822415144,941,4,13.482,12652.31758596644
6558,,,,1497.0,9560.751822415144,9560.751822415144,942,4,13.435,12095.297569785273
6559,,,,1499.0,9562.751822415144,9562.751822415144,943,4,13.391,11287.336737076905
6560,,,,1498.0,9564.751822415144,9564.751822415144,944,4,13.343,12273.795610581441
6561,,,,1501.0,9566.751822415144,9566.751822415144,945,4,13.294,12486.648846389808
6562,,,,1504.0,9568.751822415144,9568.751822415144,946,4,13.243,12950.224322683005
6563,,,,1506.0,9570.751822415144,9570.751822415144,947,4,13.188,13913.049778003937
6564,,,,1510.0,9572.751822415144,9572.751822415144,948,4,13.135,13355.127949736201
6565,,,,1518.0,9574.751822415144,9574.751822415144,949,4,13.083,13053.603850564074
6566,,,,1524.0,9576.751822415144,9576.751822415144,950,4,13.032,12754.940565960986
6567,,,,1530.0,9578.751822415144,9578.751822415144,951,4,12.984,11961.638755773725
6568,,,,1534.0,9580.751822415144,9580.751822415144,952,4,12.937,11672.105395474828
6569,,,,1538.0,9582.751822415144,9582.751822415144,953,4,12.892,11138.080356952216
6570,,,,1539.0,9584.751822415144,9584.751822415144,954,4,12.843,12086.515819342707
6571,,,,1544.0,9586.751822415144,9586.751822415144,955,4,12.792,12533.575531348262
6572,,,,1546.0,9588.751822415144,9588.751822415144,956,4,12.739,12974.952407238063
6573,,,,1550.0,9590.751822415144,9590.751822415144,957,4,12.686,12923.77784950017
6574,,,,1557.0,9592.751822415144,9592.751822415144,958,4,12.633,12872.580819761839
6575,,,,1558.0,9594.751822415144,9594.751822415144,959,4,12.581,12579.947767419426
6576,,,,1558.0,9596.751822415144,9596.751822415144,960,4,12.523,13973.177749494726
6577,,,,1561.0,9598.751822415144,9598.751822415144,961,4,12.466,13672.202929549017
6578,,,,1563.0,9600.751822415144,9600.751822415144,962,4,12.405,14565.598213092497
6579,,,,1569.0,9602.751822415144,9602.751822415144,963,4,12.344,14497.168796030082
6580,,,,1572.0,9604.751822415144,9604.751822415144,964,4,12.289,13012.661840285306
6581,,,,1567.0,9606.751822415144,9606.751822415144,965,4,12.236,12487.096187570542
6582,,,,1563.0,9608.751822415144,9608.751822415144,966,4,12.181,12903.929128635433
6583,,,,1565.0,9610.751822415144,9610.751822415144,967,4,12.125,13081.540292554664
6584,,,,1563.0,9612.751822415144,9612.751822415144,968,4,12.072,12327.787059890092
6585,,,,1559.0,9614.751822415144,9614.751822415144,969,4,12.018,12507.446055706616
6586,,,,1552.0,9616.751822415144,9616.751822415144,970,4,11.963,12684.062899933911
6587,,,,1549.0,9618.751822415144,9618.751822415144,971,4,11.906,13086.629273205624
6588,,,,1545.0,9620.751822415144,9620.751822415144,972,4,11.853,12114.710455084543
6589,,,,1541.0,9622.751822415144,9622.751822415144,973,4,11.8,12063.168289345811
6590,,,,1535.0,9624.751822415144,9624.751822415144,974,4,11.748,11785.470107540366
6591,,,,1528.0,9626.751822415144,9626.751822415144,975,4,11.7,10834.947683135544
6592,,,,1522.0,9628.751822415144,9628.751822415144,976,4,11.65,11241.567752669442
6593,,,,1515.0,9630.751822415144,9630.751822415144,977,4,11.602,10748.843585990264
6594,,,,1508.0,9632.751822415144,9632.751822415144,978,4,11.552,11151.836784810172
6595,,,,1504.0,9634.751822415144,9634.751822415144,979,4,11.504,10662.66422484498
6596,,,,1497.0,9636.751822415144,9636.751822415144,980,4,11.455,10841.259069450522
6597,,,,1492.0,9638.751822415144,9638.751822415144,981,4,11.405,11017.093333020666
6598,,,,1491.0,9640.751822415144,9640.751822415144,982,4,11.357,10533.254063127059
6599,,,,1488.0,9642.751822415144,9642.751822415144,983,4,11.31,10272.896011257893
6600,,,,1484.0,9644.751822415144,9644.751822415144,984,4,11.267,9363.231161470894
6601,,,,1474.0,9646.751822415144,9646.751822415144,985,4,11.219,10412.009350983702
6602,,,,1466.0,9648.751822415144,9648.751822415144,986,4,11.169,10800.812790011283
6603,,,,1460.0,9650.751822415144,9650.751822415144,987,4,11.119,10754.79783089959
6604,,,,1452.0,9652.751822415144,9652.751822415144,988,4,11.072,10067.598137487208
6605,,,,1444.0,9654.751822415144,9654.751822415144,989,4,11.027,9601.216223559837
6606,,,,1435.0,9656.751822415144,9656.751822415144,990,4,10.983,9351.984734899448
6607,,,,1429.0,9658.751822415144,9658.751822415144,991,4,10.941,8893.855948094406
6608,,,,1427.0,9660.751822415144,9660.751822415144,992,4,10.901,8440.405652207859
6609,,,,1425.0,9662.751822415144,9662.751822415144,993,4,10.868,6941.498665931013
6610,,,,1425.0,9664.751822415144,9664.751822415144,994,4,10.831,7759.47164239986
6611,,,,1428.0,9666.751822415144,9666.751822415144,995,4,10.791,8360.580316170232
6612,,,,1428.0,9668.751822415144,9668.751822415144,996,4,10.751,8331.370070338873
6613,,,,1430.0,9670.751822415144,9670.751822415144,997,4,10.708,8923.56052435973
6614,,,,1433.0,9672.751822415144,9672.751822415144,998,4,10.664,9095.946285740985
6615,,,,1437.0,9674.751822415144,9674.751822415144,999,4,10.622,8649.34422626097
6616,,,,1440.0,9676.751822415144,9676.751822415144,1000,4,10.576,9435.878116051459
6617,,,,1441.0,9678.751822415144,9678.751822415144,1001,4,10.529,9600.692688967489
6618,,,,1442.0,9680.751822415144,9680.751822415144,1002,4,10.481,9762.844597869234
6619,,,,1443.0,9682.751822415144,9682.751822415144,1003,4,10.432,9922.274054246125
6620,,,,1442.0,9684.751822415144,9684.751822415144,1004,4,10.381,10280.005723676279
6621,,,,1445.0,9686.751822415144,9686.751822415144,1005,4,10.331,10031.600187293267
6622,,,,1451.0,9688.751822415144,9688.751822415144,1006,4,10.282,9785.997824456623
6623,,,,1459.0,9690.751822415144,9690.751822415144,1007,4,10.24,8352.691573783315
6624,,,,1464.0,9692.751822415144,9692.751822415144,1008,4,10.198,8320.219393353835
6625,,,,1468.0,9694.751822415144,9694.751822415144,1009,4,10.157,8090.803607155744
6626,,,,1472.0,9696.751822415144,9696.751822415144,1010,4,10.114,8452.202816263483
6627,,,,1473.0,9698.751822415144,9698.751822415144,1011,4,10.069,8808.745861431205
6628,,,,1475.0,9700.751822415144,9700.751822415144,1012,4,10.022,9160.196828614822
6629,,,,1479.0,9702.751822415144,9702.751822415144,1013,4,9.973,9506.319611770252
6630,,,,1484.0,9704.751822415144,9704.751822415144,1014,4,9.925,9269.047284596003
6631,,,,1488.0,9706.751822415144,9706.751822415144,1015,4,9.873,9993.062174169367
6632,,,,1492.0,9708.751822415144,9708.751822415144,1016,4,9.821,9942.616236313404
6633,,,,1496.0,9710.751822415144,9710.751822415144,1017,4,9.769,9892.148666457784
6634,,,,1498.0,9712.751822415144,9712.751822415144,1018,4,9.717,9841.659464602164
6635,,,,1500.0,9714.751822415144,9714.751822415144,1019,4,9.662,10354.419656162017
6636,,,,1499.0,9716.751822415144,9716.751822415144,1020,4,9.607,10297.764997636737
6637,,,,1497.0,9718.751822415144,9718.751822415144,1021,4,9.55,10612.381333734136
6638,,,,1497.0,9720.751822415144,9720.751822415144,1022,4,9.492,10735.948259740862
6639,,,,1499.0,9722.751822415144,9722.751822415144,1023,4,9.434,10672.742457479979
6640,,,,1502.0,9724.751822415144,9724.751822415144,1024,4,9.38,9879.919962493324
6641,,,,1503.0,9726.751822415144,9726.751822415144,1025,4,9.326,9825.225457865325
6642,,,,1507.0,9728.751822415144,9728.751822415144,1026,4,9.271,9950.907870279943
6643,,,,1508.0,9730.751822415144,9730.751822415144,1027,4,9.216,9894.08249175465
6644,,,,1511.0,9732.751822415144,9732.751822415144,1028,4,9.158,10372.115755133209
6645,,,,1512.0,9734.751822415144,9734.751822415144,1029,4,9.1,10308.751728872001
6646,,,,1512.0,9736.751822415144,9736.751822415144,1030,4,9.041,10421.430473815428
6647,,,,1512.0,9738.751822415144,9738.751822415144,1031,4,8.981,10530.707120614032
6648,,,,1514.0,9740.751822415144,9740.751822415144,1032,4,8.921,10462.73634749264
6649,,,,1518.0,9742.751822415144,9742.751822415144,1033,4,8.861,10394.736774370944
6650,,,,1519.0,9744.751822415144,9744.751822415144,1034,4,8.803,9983.615179086157
6651,,,,1523.0,9746.751822415144,9746.751822415144,1035,4,8.744,10090.548999447374
6652,,,,1527.0,9748.751822415144,9748.751822415144,1036,4,8.688,9516.653539026942
6653,,,,1525.0,9750.751822415144,9750.751822415144,1037,4,8.634,9120.736245665303
6654,,,,1522.0,9752.751822415144,9752.751822415144,1038,4,8.578,9400.404404575087
6655,,,,1521.0,9754.751822415144,9754.751822415144,1039,4,8.522,9341.150345144602
6656,,,,1519.0,9756.751822415144,9756.751822415144,1040,4,8.467,9116.660119105552
6657,,,,1515.0,9758.751822415144,9758.751822415144,1041,4,8.409,9551.944353794495
6658,,,,1514.0,9760.751822415144,9760.751822415144,1042,4,8.351,9488.231631533286
6659,,,,1513.0,9762.751822415144,9762.751822415144,1043,4,8.294,9262.557232793768
6660,,,,1504.0,9764.751822415144,9764.751822415144,1044,4,8.235,9522.693389489465
6661,,,,1494.0,9766.751822415144,9766.751822415144,1045,4,8.176,9456.647685301525
6662,,,,1484.0,9768.751822415144,9768.751822415144,1046,4,8.117,9390.574133113872
6663,,,,1476.0,9770.751822415144,9770.751822415144,1047,4,8.06,9009.50277717902
6664,,,,1467.0,9772.751822415144,9772.751822415144,1048,4,8.001,9260.649854168934
6665,,,,1460.0,9774.751822415144,9774.751822415144,1049,4,7.942,9194.493229981
6666,,,,1454.0,9776.751822415144,9776.751822415144,1050,4,7.884,8974.158711809414
6667,,,,1445.0,9778.751822415144,9778.751822415144,1051,4,7.827,8757.136283272026
6668,,,,1434.0,9780.751822415144,9780.751822415144,1052,4,7.768,8999.318655563311
6669,,,,1424.0,9782.751822415144,9782.751822415144,1053,4,7.706,9385.454705403128
6670,,,,1413.0,9784.751822415144,9784.751822415144,1054,4,7.646,9012.930598663113
6671,,,,1401.0,9786.751822415144,9786.751822415144,1055,4,7.586,8944.30822554159
6672,,,,1389.0,9788.751822415144,9788.751822415144,1056,4,7.523,9317.589830946927
6673,,,,1376.0,9790.751822415144,9790.751822415144,1057,4,7.46,9241.774576980464
6674,,,,1365.0,9792.751822415144,9792.751822415144,1058,4,7.397,9165.927571014134
6675,,,,1355.0,9794.751822415144,9794.751822415144,1059,4,7.333,9233.708438027214
6676,,,,1346.0,9796.751822415144,9796.751822415144,1060,4,7.268,9297.754268340484
6677,,,,1337.0,9798.751822415144,9798.751822415144,1061,4,7.205,8934.492112926268
6678,,,,1332.0,9800.751822415144,9800.751822415144,1062,4,7.14,9138.466018015495
6679,,,,1326.0,9802.751822415144,9802.751822415144,1063,4,7.078,8641.282575488023
6680,,,,1316.0,9804.751822415144,9804.751822415144,1064,4,7.015,8705.237148297772
6681,,,,1309.0,9806.751822415144,9806.751822415144,1065,4,6.951,8765.5101409184
6682,,,,1304.0,9808.751822415144,9808.751822415144,1066,4,6.887,8686.944493989176
6683,,,,1300.0,9810.751822415144,9810.751822415144,1067,4,6.822,8742.213787676732
6684,,,,1295.0,9812.751822415144,9812.751822415144,1068,4,6.759,8395.819897513828
6685,,,,1290.0,9814.751822415144,9814.751822415144,1069,4,6.695,8451.050945201503
6686,,,,1287.0,9816.751822415144,9816.751822415144,1070,4,6.632,8242.154646851657
6687,,,,1281.0,9818.751822415144,9818.751822415144,1071,4,6.57,8036.884016690455
6688,,,,1274.0,9820.751822415144,9820.751822415144,1072,4,6.507,8090.836209648618
6689,,,,1266.0,9822.751822415144,9822.751822415144,1073,4,6.445,7887.905459443021
6690,,,,1256.0,9824.751822415144,9824.751822415144,1074,4,6.381,8064.785079954992
6691,,,,1248.0,9826.751822415144,9826.751822415144,1075,4,6.317,7985.9260570257675
6692,,,,1239.0,9828.751822415144,9828.751822415144,1076,4,6.251,8152.831691671474
6693,,,,1231.0,9830.751822415144,9830.751822415144,1077,4,6.187,7825.59303470078
6694,,,,1227.0,9832.751822415144,9832.751822415144,1078,4,6.123,7746.635195771554
6695,,,,1223.0,9834.751822415144,9834.751822415144,1079,4,6.06,7548.457231506546
6696,,,,1218.0,9836.751822415144,9836.751822415144,1080,4,5.999,7235.90480381675
6697,,,,1213.0,9838.751822415144,9838.751822415144,1081,4,5.939,7047.301155359473
6698,,,,1204.0,9840.751822415144,9840.751822415144,1082,4,5.88,6862.16290155837
6699,,,,1196.0,9842.751822415144,9842.751822415144,1083,4,5.817,7253.232088207735
6700,,,,1188.0,9844.751822415144,9844.751822415144,1084,4,5.756,6949.932083289432
6701,,,,1180.0,9846.751822415144,9846.751822415144,1085,4,5.695,6878.064462227019
6702,,,,1173.0,9848.751822415144,9848.751822415144,1086,4,5.636,6584.176207087393
6703,,,,1166.0,9850.751822415144,9850.751822415144,1087,4,5.576,6626.7977659751705
6704,,,,1158.0,9852.751822415144,9852.751822415144,1088,4,5.516,6557.203392853684
6705,,,,1151.0,9854.751822415144,9854.751822415144,1089,4,5.457,6380.0353130943395
6706,,,,1141.0,9856.751822415144,9856.751822415144,1090,4,5.399,6206.284071480032
6707,,,,1135.0,9858.751822415144,9858.751822415144,1091,4,5.34,6246.515013434076
6708,,,,1130.0,9860.751822415144,9860.751822415144,1092,4,5.28,6283.271061242889
6709,,,,1125.0,9862.751822415144,9862.751822415144,1093,4,5.221,6110.556656343721
6710,,,,1121.0,9864.751822415144,9864.751822415144,1094,4,5.163,5941.263809589596
6711,,,,1114.0,9866.751822415144,9866.751822415144,1095,4,5.104,5976.814516683457
6712,,,,1107.0,9868.751822415144,9868.751822415144,1096,4,5.044,6008.885609632182
6713,,,,1101.0,9870.751822415144,9870.751822415144,1097,4,4.981,6234.120082241817
6714,,,,1095.0,9872.751822415144,9872.751822415144,1098,4,4.921,5865.599312733248
6715,,,,1088.0,9874.751822415144,9874.751822415144,1099,4,4.862,5699.67712764257
6716,,,,1081.0,9876.751822415144,9876.751822415144,1100,4,4.801,5821.782224459845
6717,,,,1074.0,9878.751822415144,9878.751822415144,1101,4,4.743,5468.402828801532
6718,,,,1064.0,9880.751822415144,9880.751822415144,1102,4,4.684,5495.604998364562
6719,,,,1051.0,9882.751822415144,9882.751822415144,1103,4,4.622,5702.071084482536
6720,,,,1042.0,9884.751822415144,9884.751822415144,1104,4,4.559,5717.370108340362
6721,,,,1033.0,9886.751822415144,9886.751822415144,1105,4,4.497,5551.1343192351005
6722,,,,1026.0,9888.751822415144,9888.751822415144,1106,4,4.436,5388.509421807698
6723,,,,1019.0,9890.751822415144,9890.751822415144,1107,4,4.376,5229.438303547301
6724,,,,1010.0,9892.751822415144,9892.751822415144,1108,4,4.317,5073.863803943051
6725,,,,1000.0,9894.751822415144,9894.751822415144,1109,4,4.257,5090.256127523289
6726,,,,990.0,9896.751822415144,9896.751822415144,1110,4,4.196,5103.091832447383
6727,,,,984.0,9898.751822415144,9898.751822415144,1111,4,4.137,4866.6916372349515
6728,,,,978.0,9900.751822415144,9900.751822415144,1112,4,4.08,4637.2052303127175
6729,,,,969.0,9902.751822415144,9902.751822415144,1113,4,4.025,4414.3991936370885
6730,,,,957.0,9904.751822415144,9904.751822415144,1114,4,3.966,4669.783436962259
6731,,,,949.0,9906.751822415144,9906.751822415144,1115,4,3.906,4679.157020763126
6732,,,,944.0,9908.751822415144,9908.751822415144,1116,4,3.847,4532.5306198719045
6733,,,,937.0,9910.751822415144,9910.751822415144,1117,4,3.791,4239.106055497989
6734,,,,930.0,9912.751822415144,9912.751822415144,1118,4,3.733,4325.845593287377
6735,,,,918.0,9914.751822415144,9914.751822415144,1119,4,3.676,4187.128586379603
6736,,,,908.0,9916.751822415144,9916.751822415144,1120,4,3.615,4410.485289770954
6737,,,,902.0,9918.751822415144,9918.751822415144,1121,4,3.553,4408.052009910469
6738,,,,896.0,9920.751822415144,9920.751822415144,1122,4,3.492,4263.393491923793
6739,,,,888.0,9922.751822415144,9922.751822415144,1123,4,3.433,4054.1883258432786
6740,,,,879.0,9924.751822415144,9924.751822415144,1124,4,3.371,4186.736706782172
6741,,,,868.0,9926.751822415144,9926.751822415144,1125,4,3.309,4111.263534771445
6742,,,,863.0,9928.751822415144,9928.751822415144,1126,4,3.247,4035.7596107607465
6743,,,,859.0,9930.751822415144,9930.751822415144,1127,4,3.188,3770.358890657228
6744,,,,853.0,9932.751822415144,9932.751822415144,1128,4,3.13,3639.7973088131125
6745,,,,845.0,9934.751822415144,9934.751822415144,1129,4,3.071,3634.718366996965
6746,,,,837.0,9936.751822415144,9936.751822415144,1130,4,3.012,3566.270418809338
6747,,,,829.0,9938.751822415144,9938.751822415144,1131,4,2.952,3556.4829521330385
6748,,,,821.0,9940.751822415144,9940.751822415144,1132,4,2.894,3370.5908389226483
6749,,,,815.0,9942.751822415144,9942.751822415144,1133,4,2.836,3304.3741406614645
6750,,,,812.0,9944.751822415144,9944.751822415144,1134,4,2.779,3182.8675445230756
6751,,,,809.0,9946.751822415144,9946.751822415144,1135,4,2.722,3118.8736611810223
6752,,,,803.0,9948.751822415144,9948.751822415144,1136,4,2.666,3001.816989873679
6753,,,,799.0,9950.751822415144,9950.751822415144,1137,4,2.607,3095.748547216094
6754,,,,796.0,9952.751822415144,9952.751822415144,1138,4,2.547,3077.7889735636622
6755,,,,793.0,9954.751822415144,9954.751822415144,1139,4,2.486,3056.2382212551383
6756,,,,791.0,9956.751822415144,9956.751822415144,1140,4,2.424,3031.034389779632
6757,,,,789.0,9958.751822415144,9958.751822415144,1141,4,2.362,2955.0803457688826
6758,,,,787.0,9960.751822415144,9960.751822415144,1142,4,2.298,2970.6946235170954
6759,,,,781.0,9962.751822415144,9962.751822415144,1143,4,2.237,2756.045850393811
6760,,,,774.0,9964.751822415144,9964.751822415144,1144,4,2.174,2769.134778186419
6761,,,,769.0,9966.751822415144,9966.751822415144,1145,4,2.11,2732.644147662497
6762,,,,763.0,9968.751822415144,9968.751822415144,1146,4,2.048,2569.9043448113275
6763,,,,758.0,9970.751822415144,9970.751822415144,1147,4,1.986,2493.764796800609
6764,,,,753.0,9972.751822415144,9972.751822415144,1148,4,1.923,2455.9596730507083
6765,,,,746.0,9974.751822415144,9974.751822415144,1149,4,1.862,2303.0205745183184
6766,,,,740.0,9976.751822415144,9976.751822415144,1150,4,1.799,2301.0679705773023
6767,,,,735.0,9978.751822415144,9978.751822415144,1151,4,1.734,2291.570462258524
6768,,,,732.0,9980.751822415144,9980.751822415144,1152,4,1.671,2141.020977185383
6769,,,,729.0,9982.751822415144,9982.751822415144,1153,4,1.61,1997.9579324899876
6770,,,,725.0,9984.751822415144,9984.751822415144,1154,4,1.55,1893.1089455299132
6771,,,,717.0,9986.751822415144,9986.751822415144,1155,4,1.488,1881.0646262628286
6772,,,,710.0,9988.751822415144,9988.751822415144,1156,4,1.427,1776.1499053027474
6773,,,,703.0,9990.751822415144,9990.751822415144,1157,4,1.366,1702.154360240334
6774,,,,694.0,9992.751822415144,9992.751822415144,1158,4,1.306,1602.0379721695974
6775,,,,685.0,9994.751822415144,9994.751822415144,1159,4,1.245,1555.2933258378416
6776,,,,679.0,9996.751822415144,9996.751822415144,1160,4,1.185,1457.5264157081294
6777,,,,672.0,9998.751822415144,9998.751822415144,1161,4,1.125,1385.8270025867403
6778,,,,668.0,10000.751822415144,10000.751822415144,1162,4,1.064,1335.3903900952707
6779,,,,664.0,10002.751822415144,10002.751822415144,1163,4,1.005,1221.0459177140424
6780,,,,661.0,10004.751822415144,10004.751822415144,1164,4,0.945,1170.5559632225707
6781,,,,659.0,10006.751822415144,10006.751822415144,1165,4,0.885,1098.7413501011818
6782,,,,657.0,10008.751822415144,10008.751822415144,1166,4,0.821,1092.795558978576
6783,,,,657.0,10010.751822415144,10010.751822415144,1167,4,0.76,965.4469165055381
6784,,,,657.0,10012.751822415144,10012.751822415144,1168,4,0.699,891.1248994431262
6785,,,,655.0,10014.751822415144,10014.751822415144,1169,4,0.636,842.290702024225
6786,,,,655.0,10016.751822415144,10016.751822415144,1170,4,0.573,762.945936057895
6787,,,,656.0,10018.751822415144,10018.751822415144,1171,4,0.511,673.3402724808764
6788,,,,659.0,10020.751822415144,10020.751822415144,1172,4,0.448,605.4237628548558
6789,,,,662.0,10022.751822415144,10022.751822415144,1173,4,0.388,502.74123141234367
6790,,,,667.0,10024.751822415144,10024.751822415144,1174,4,0.331,410.8444039380399
6791,,,,670.0,10026.751822415144,10026.751822415144,1175,4,0.276,334.7431095913296
6792,,,,668.0,10028.751822415144,10028.751822415144,1176,4,0.221,274.13593106571807
6793,,,,667.0,10030.751822415144,10030.751822415144,1177,4,0.168,206.804010322733
6794,,,,668.0,10032.751822415144,10032.751822415144,1178,4,0.113,155.05617941542607
6795,,,,669.0,10034.751822415144,10034.751822415144,1179,4,5.9e-2,93.20277492659187
6796,,,,668.0,10036.751822415144,10036.751822415144,1180,4,5.0e-3,34.68701429826674
0,,,,667.51,10036.913768207422,10036.913768207422,6795,5,0.0,0.25092284420518557
